6.120000000000000000e+02,2.000000000000000000e+00,3.000000000000000000e+00,0.000000000000000000e+00,0.000000000000000000e+00,0.000000000000000000e+00,1.000000000000000000e+00,0.000000000000000000e+00,6.000000000000000000e+00,1.000000000000000000e+00,6.100000000000000000e+01
3.000000000000000000e+00,7.460000000000000000e+02,2.000000000000000000e+00,2.000000000000000000e+00,5.000000000000000000e+00,4.000000000000000000e+00,1.000000000000000000e+00,0.000000000000000000e+00,1.000000000000000000e+00,0.000000000000000000e+00,3.000000000000000000e+01
1.000000000000000000e+00,0.000000000000000000e+00,5.850000000000000000e+02,1.600000000000000000e+01,1.000000000000000000e+00,0.000000000000000000e+00,1.000000000000000000e+00,4.000000000000000000e+00,2.000000000000000000e+00,0.000000000000000000e+00,1.120000000000000000e+02
0.000000000000000000e+00,0.000000000000000000e+00,1.400000000000000000e+01,6.180000000000000000e+02,0.000000000000000000e+00,3.000000000000000000e+00,0.000000000000000000e+00,3.000000000000000000e+00,0.000000000000000000e+00,2.000000000000000000e+00,6.700000000000000000e+01
0.000000000000000000e+00,1.000000000000000000e+00,1.200000000000000000e+01,0.000000000000000000e+00,5.980000000000000000e+02,0.000000000000000000e+00,1.000000000000000000e+00,1.000000000000000000e+00,1.000000000000000000e+00,2.500000000000000000e+01,4.800000000000000000e+01
1.000000000000000000e+00,0.000000000000000000e+00,2.000000000000000000e+00,4.100000000000000000e+01,0.000000000000000000e+00,5.080000000000000000e+02,0.000000000000000000e+00,0.000000000000000000e+00,3.000000000000000000e+00,1.000000000000000000e+00,6.800000000000000000e+01
5.000000000000000000e+00,0.000000000000000000e+00,1.300000000000000000e+01,0.000000000000000000e+00,3.600000000000000000e+01,0.000000000000000000e+00,5.540000000000000000e+02,0.000000000000000000e+00,3.000000000000000000e+00,0.000000000000000000e+00,5.900000000000000000e+01
0.000000000000000000e+00,3.000000000000000000e+00,3.000000000000000000e+00,1.000000000000000000e+01,1.900000000000000000e+01,0.000000000000000000e+00,0.000000000000000000e+00,5.770000000000000000e+02,0.000000000000000000e+00,1.600000000000000000e+01,9.100000000000000000e+01
2.600000000000000000e+01,0.000000000000000000e+00,2.000000000000000000e+00,5.000000000000000000e+00,3.000000000000000000e+00,4.000000000000000000e+00,1.000000000000000000e+00,1.000000000000000000e+00,4.940000000000000000e+02,1.000000000000000000e+00,1.440000000000000000e+02
0.000000000000000000e+00,1.000000000000000000e+00,0.000000000000000000e+00,1.000000000000000000e+01,3.200000000000000000e+01,8.000000000000000000e+00,0.000000000000000000e+00,2.800000000000000000e+01,2.400000000000000000e+01,5.040000000000000000e+02,9.900000000000000000e+01
9.250000000000000000e+02,3.872000000000000000e+03,4.331000000000000000e+03,5.850000000000000000e+02,4.062000000000000000e+03,3.087000000000000000e+03,1.788000000000000000e+03,1.470000000000000000e+02,8.170000000000000000e+02,4.290000000000000000e+02,6.340000000000000000e+03
2.520000000000000000e+02,0.000000000000000000e+00,1.000000000000000000e+00,0.000000000000000000e+00,0.000000000000000000e+00,0.000000000000000000e+00,2.000000000000000000e+00,2.000000000000000000e+00,0.000000000000000000e+00,0.000000000000000000e+00,3.700000000000000000e+01
0.000000000000000000e+00,3.120000000000000000e+02,3.000000000000000000e+00,1.000000000000000000e+00,1.000000000000000000e+00,1.000000000000000000e+00,0.000000000000000000e+00,1.000000000000000000e+00,2.000000000000000000e+00,0.000000000000000000e+00,2.000000000000000000e+01
0.000000000000000000e+00,0.000000000000000000e+00,2.480000000000000000e+02,1.300000000000000000e+01,2.000000000000000000e+00,0.000000000000000000e+00,0.000000000000000000e+00,0.000000000000000000e+00,2.000000000000000000e+00,0.000000000000000000e+00,4.500000000000000000e+01
0.000000000000000000e+00,0.000000000000000000e+00,4.000000000000000000e+00,2.570000000000000000e+02,0.000000000000000000e+00,0.000000000000000000e+00,0.000000000000000000e+00,4.000000000000000000e+00,4.000000000000000000e+00,1.000000000000000000e+00,3.300000000000000000e+01
0.000000000000000000e+00,1.000000000000000000e+00,3.000000000000000000e+00,0.000000000000000000e+00,2.490000000000000000e+02,0.000000000000000000e+00,1.000000000000000000e+00,0.000000000000000000e+00,3.000000000000000000e+00,6.000000000000000000e+00,3.200000000000000000e+01
0.000000000000000000e+00,0.000000000000000000e+00,0.000000000000000000e+00,1.900000000000000000e+01,0.000000000000000000e+00,2.130000000000000000e+02,1.000000000000000000e+00,1.000000000000000000e+00,0.000000000000000000e+00,0.000000000000000000e+00,3.400000000000000000e+01
4.000000000000000000e+00,2.000000000000000000e+00,4.000000000000000000e+00,0.000000000000000000e+00,1.200000000000000000e+01,2.000000000000000000e+00,2.380000000000000000e+02,0.000000000000000000e+00,3.000000000000000000e+00,0.000000000000000000e+00,2.300000000000000000e+01
0.000000000000000000e+00,0.000000000000000000e+00,0.000000000000000000e+00,6.000000000000000000e+00,4.000000000000000000e+00,0.000000000000000000e+00,0.000000000000000000e+00,2.540000000000000000e+02,0.000000000000000000e+00,7.000000000000000000e+00,3.800000000000000000e+01
1.300000000000000000e+01,1.000000000000000000e+00,0.000000000000000000e+00,3.000000000000000000e+00,0.000000000000000000e+00,3.000000000000000000e+00,1.000000000000000000e+00,0.000000000000000000e+00,2.240000000000000000e+02,1.000000000000000000e+00,4.700000000000000000e+01
0.000000000000000000e+00,0.000000000000000000e+00,0.000000000000000000e+00,0.000000000000000000e+00,2.300000000000000000e+01,2.000000000000000000e+00,0.000000000000000000e+00,1.200000000000000000e+01,4.000000000000000000e+00,2.230000000000000000e+02,3.900000000000000000e+01
9.250000000000000000e+02,3.872000000000000000e+03,4.331000000000000000e+03,5.850000000000000000e+02,4.062000000000000000e+03,3.087000000000000000e+03,1.788000000000000000e+03,1.470000000000000000e+02,8.170000000000000000e+02,4.290000000000000000e+02,6.340000000000000000e+03
