6.790000000000000000e+02,2.000000000000000000e+00,0.000000000000000000e+00,2.000000000000000000e+00,0.000000000000000000e+00,0.000000000000000000e+00,1.000000000000000000e+00,1.000000000000000000e+00,1.000000000000000000e+00,0.000000000000000000e+00,0.000000000000000000e+00
4.500000000000000000e+01,7.400000000000000000e+02,5.000000000000000000e+00,0.000000000000000000e+00,1.000000000000000000e+00,1.000000000000000000e+00,2.000000000000000000e+00,0.000000000000000000e+00,0.000000000000000000e+00,0.000000000000000000e+00,0.000000000000000000e+00
8.000000000000000000e+00,2.100000000000000000e+01,6.880000000000000000e+02,0.000000000000000000e+00,0.000000000000000000e+00,1.000000000000000000e+00,1.000000000000000000e+00,2.000000000000000000e+00,1.000000000000000000e+00,0.000000000000000000e+00,0.000000000000000000e+00
7.000000000000000000e+00,1.000000000000000000e+00,5.900000000000000000e+01,6.340000000000000000e+02,0.000000000000000000e+00,1.000000000000000000e+00,1.000000000000000000e+00,2.000000000000000000e+00,2.000000000000000000e+00,0.000000000000000000e+00,0.000000000000000000e+00
4.000000000000000000e+00,9.000000000000000000e+00,1.200000000000000000e+01,3.000000000000000000e+00,6.520000000000000000e+02,0.000000000000000000e+00,3.000000000000000000e+00,0.000000000000000000e+00,2.000000000000000000e+00,2.000000000000000000e+00,0.000000000000000000e+00
1.000000000000000000e+01,5.000000000000000000e+00,1.100000000000000000e+01,1.190000000000000000e+02,1.200000000000000000e+01,4.650000000000000000e+02,2.000000000000000000e+00,0.000000000000000000e+00,0.000000000000000000e+00,0.000000000000000000e+00,0.000000000000000000e+00
9.400000000000000000e+01,2.800000000000000000e+01,1.000000000000000000e+01,3.000000000000000000e+00,8.000000000000000000e+00,2.000000000000000000e+00,5.250000000000000000e+02,0.000000000000000000e+00,0.000000000000000000e+00,0.000000000000000000e+00,0.000000000000000000e+00
1.000000000000000000e+00,1.400000000000000000e+01,5.100000000000000000e+01,3.100000000000000000e+01,5.200000000000000000e+01,1.000000000000000000e+00,0.000000000000000000e+00,5.670000000000000000e+02,0.000000000000000000e+00,2.000000000000000000e+00,0.000000000000000000e+00
2.090000000000000000e+02,4.000000000000000000e+01,3.000000000000000000e+01,3.000000000000000000e+00,2.000000000000000000e+01,1.700000000000000000e+01,2.600000000000000000e+01,8.000000000000000000e+00,3.260000000000000000e+02,2.000000000000000000e+00,0.000000000000000000e+00
1.000000000000000000e+01,1.200000000000000000e+01,6.000000000000000000e+00,2.700000000000000000e+01,7.800000000000000000e+01,1.700000000000000000e+01,0.000000000000000000e+00,1.110000000000000000e+02,3.200000000000000000e+01,4.130000000000000000e+02,0.000000000000000000e+00
3.800000000000000000e+03,3.572000000000000000e+03,6.082000000000000000e+03,2.494000000000000000e+03,4.841000000000000000e+03,2.871000000000000000e+03,2.155000000000000000e+03,9.900000000000000000e+01,3.420000000000000000e+02,1.170000000000000000e+02,1.000000000000000000e+01
2.850000000000000000e+02,2.000000000000000000e+00,5.000000000000000000e+00,0.000000000000000000e+00,0.000000000000000000e+00,0.000000000000000000e+00,2.000000000000000000e+00,0.000000000000000000e+00,0.000000000000000000e+00,0.000000000000000000e+00,0.000000000000000000e+00
2.400000000000000000e+01,3.140000000000000000e+02,2.000000000000000000e+00,1.000000000000000000e+00,0.000000000000000000e+00,0.000000000000000000e+00,0.000000000000000000e+00,0.000000000000000000e+00,0.000000000000000000e+00,0.000000000000000000e+00,0.000000000000000000e+00
7.000000000000000000e+00,1.000000000000000000e+01,2.890000000000000000e+02,1.000000000000000000e+00,0.000000000000000000e+00,0.000000000000000000e+00,1.000000000000000000e+00,1.000000000000000000e+00,1.000000000000000000e+00,0.000000000000000000e+00,0.000000000000000000e+00
2.000000000000000000e+00,1.000000000000000000e+00,3.200000000000000000e+01,2.570000000000000000e+02,1.000000000000000000e+00,4.000000000000000000e+00,0.000000000000000000e+00,6.000000000000000000e+00,0.000000000000000000e+00,0.000000000000000000e+00,0.000000000000000000e+00
4.000000000000000000e+00,7.000000000000000000e+00,3.000000000000000000e+00,0.000000000000000000e+00,2.790000000000000000e+02,0.000000000000000000e+00,0.000000000000000000e+00,1.000000000000000000e+00,0.000000000000000000e+00,1.000000000000000000e+00,0.000000000000000000e+00
3.000000000000000000e+00,0.000000000000000000e+00,5.000000000000000000e+00,5.600000000000000000e+01,6.000000000000000000e+00,1.970000000000000000e+02,0.000000000000000000e+00,0.000000000000000000e+00,1.000000000000000000e+00,0.000000000000000000e+00,0.000000000000000000e+00
3.300000000000000000e+01,9.000000000000000000e+00,4.000000000000000000e+00,1.000000000000000000e+00,1.000000000000000000e+00,1.000000000000000000e+00,2.390000000000000000e+02,0.000000000000000000e+00,0.000000000000000000e+00,0.000000000000000000e+00,0.000000000000000000e+00
1.000000000000000000e+00,5.000000000000000000e+00,1.200000000000000000e+01,1.800000000000000000e+01,2.300000000000000000e+01,0.000000000000000000e+00,0.000000000000000000e+00,2.500000000000000000e+02,0.000000000000000000e+00,0.000000000000000000e+00,0.000000000000000000e+00
1.010000000000000000e+02,1.800000000000000000e+01,1.500000000000000000e+01,3.000000000000000000e+00,8.000000000000000000e+00,7.000000000000000000e+00,7.000000000000000000e+00,5.000000000000000000e+00,1.290000000000000000e+02,0.000000000000000000e+00,0.000000000000000000e+00
2.000000000000000000e+00,1.000000000000000000e+01,1.000000000000000000e+00,5.000000000000000000e+00,3.200000000000000000e+01,8.000000000000000000e+00,0.000000000000000000e+00,4.700000000000000000e+01,1.300000000000000000e+01,1.850000000000000000e+02,0.000000000000000000e+00
3.800000000000000000e+03,3.572000000000000000e+03,6.082000000000000000e+03,2.494000000000000000e+03,4.841000000000000000e+03,2.871000000000000000e+03,2.155000000000000000e+03,9.900000000000000000e+01,3.420000000000000000e+02,1.170000000000000000e+02,1.000000000000000000e+01
