6.820000000000000000e+02,0.000000000000000000e+00,1.000000000000000000e+00,0.000000000000000000e+00,0.000000000000000000e+00,0.000000000000000000e+00,0.000000000000000000e+00,0.000000000000000000e+00,1.000000000000000000e+00,0.000000000000000000e+00,2.000000000000000000e+00
3.400000000000000000e+01,7.250000000000000000e+02,4.000000000000000000e+00,0.000000000000000000e+00,0.000000000000000000e+00,1.000000000000000000e+00,1.000000000000000000e+00,0.000000000000000000e+00,0.000000000000000000e+00,0.000000000000000000e+00,2.900000000000000000e+01
4.100000000000000000e+01,1.000000000000000000e+01,6.330000000000000000e+02,1.000000000000000000e+00,0.000000000000000000e+00,0.000000000000000000e+00,0.000000000000000000e+00,0.000000000000000000e+00,0.000000000000000000e+00,0.000000000000000000e+00,3.700000000000000000e+01
1.500000000000000000e+01,8.000000000000000000e+00,4.700000000000000000e+01,5.890000000000000000e+02,0.000000000000000000e+00,1.000000000000000000e+00,0.000000000000000000e+00,1.000000000000000000e+00,0.000000000000000000e+00,0.000000000000000000e+00,4.600000000000000000e+01
1.800000000000000000e+01,2.000000000000000000e+00,1.200000000000000000e+01,1.000000000000000000e+00,6.030000000000000000e+02,0.000000000000000000e+00,1.000000000000000000e+00,0.000000000000000000e+00,0.000000000000000000e+00,0.000000000000000000e+00,5.000000000000000000e+01
2.200000000000000000e+01,8.000000000000000000e+00,1.900000000000000000e+01,6.400000000000000000e+01,0.000000000000000000e+00,4.460000000000000000e+02,1.000000000000000000e+00,0.000000000000000000e+00,1.000000000000000000e+00,0.000000000000000000e+00,6.300000000000000000e+01
6.800000000000000000e+01,7.000000000000000000e+00,1.200000000000000000e+01,0.000000000000000000e+00,5.000000000000000000e+00,1.000000000000000000e+00,4.870000000000000000e+02,0.000000000000000000e+00,0.000000000000000000e+00,0.000000000000000000e+00,9.000000000000000000e+01
8.000000000000000000e+00,2.300000000000000000e+01,4.400000000000000000e+01,1.100000000000000000e+01,1.700000000000000000e+01,0.000000000000000000e+00,0.000000000000000000e+00,5.220000000000000000e+02,0.000000000000000000e+00,1.000000000000000000e+00,9.300000000000000000e+01
1.560000000000000000e+02,2.000000000000000000e+00,7.000000000000000000e+00,2.000000000000000000e+00,0.000000000000000000e+00,1.000000000000000000e+00,0.000000000000000000e+00,1.000000000000000000e+00,3.720000000000000000e+02,0.000000000000000000e+00,1.400000000000000000e+02
3.200000000000000000e+01,6.000000000000000000e+00,7.000000000000000000e+00,1.100000000000000000e+01,4.800000000000000000e+01,1.000000000000000000e+00,0.000000000000000000e+00,6.000000000000000000e+00,0.000000000000000000e+00,3.980000000000000000e+02,1.970000000000000000e+02
4.077000000000000000e+03,4.923000000000000000e+03,2.447000000000000000e+03,7.080000000000000000e+02,1.380000000000000000e+03,1.320000000000000000e+03,1.543000000000000000e+03,8.600000000000000000e+01,1.830000000000000000e+02,6.700000000000000000e+01,9.649000000000000000e+03
2.890000000000000000e+02,0.000000000000000000e+00,1.000000000000000000e+00,1.000000000000000000e+00,0.000000000000000000e+00,0.000000000000000000e+00,1.000000000000000000e+00,0.000000000000000000e+00,0.000000000000000000e+00,0.000000000000000000e+00,2.000000000000000000e+00
1.200000000000000000e+01,3.080000000000000000e+02,3.000000000000000000e+00,0.000000000000000000e+00,0.000000000000000000e+00,0.000000000000000000e+00,0.000000000000000000e+00,0.000000000000000000e+00,0.000000000000000000e+00,0.000000000000000000e+00,1.800000000000000000e+01
1.500000000000000000e+01,4.000000000000000000e+00,2.780000000000000000e+02,1.000000000000000000e+00,0.000000000000000000e+00,0.000000000000000000e+00,0.000000000000000000e+00,0.000000000000000000e+00,0.000000000000000000e+00,0.000000000000000000e+00,1.200000000000000000e+01
1.000000000000000000e+01,6.000000000000000000e+00,1.800000000000000000e+01,2.450000000000000000e+02,0.000000000000000000e+00,0.000000000000000000e+00,0.000000000000000000e+00,2.000000000000000000e+00,0.000000000000000000e+00,0.000000000000000000e+00,2.200000000000000000e+01
5.000000000000000000e+00,2.000000000000000000e+00,5.000000000000000000e+00,0.000000000000000000e+00,2.470000000000000000e+02,0.000000000000000000e+00,0.000000000000000000e+00,0.000000000000000000e+00,0.000000000000000000e+00,0.000000000000000000e+00,3.600000000000000000e+01
4.000000000000000000e+00,5.000000000000000000e+00,6.000000000000000000e+00,2.800000000000000000e+01,1.000000000000000000e+00,1.870000000000000000e+02,0.000000000000000000e+00,0.000000000000000000e+00,0.000000000000000000e+00,0.000000000000000000e+00,3.700000000000000000e+01
3.300000000000000000e+01,1.000000000000000000e+00,2.000000000000000000e+00,0.000000000000000000e+00,1.000000000000000000e+00,0.000000000000000000e+00,2.150000000000000000e+02,0.000000000000000000e+00,0.000000000000000000e+00,0.000000000000000000e+00,3.600000000000000000e+01
1.000000000000000000e+00,9.000000000000000000e+00,1.600000000000000000e+01,8.000000000000000000e+00,5.000000000000000000e+00,0.000000000000000000e+00,0.000000000000000000e+00,2.280000000000000000e+02,0.000000000000000000e+00,0.000000000000000000e+00,4.200000000000000000e+01
5.400000000000000000e+01,1.000000000000000000e+00,5.000000000000000000e+00,1.000000000000000000e+00,1.000000000000000000e+00,2.000000000000000000e+00,0.000000000000000000e+00,0.000000000000000000e+00,1.710000000000000000e+02,0.000000000000000000e+00,5.800000000000000000e+01
1.100000000000000000e+01,4.000000000000000000e+00,0.000000000000000000e+00,1.000000000000000000e+00,2.700000000000000000e+01,0.000000000000000000e+00,0.000000000000000000e+00,3.000000000000000000e+00,1.000000000000000000e+00,1.680000000000000000e+02,8.800000000000000000e+01
4.077000000000000000e+03,4.923000000000000000e+03,2.447000000000000000e+03,7.080000000000000000e+02,1.380000000000000000e+03,1.320000000000000000e+03,1.543000000000000000e+03,8.600000000000000000e+01,1.830000000000000000e+02,6.700000000000000000e+01,9.649000000000000000e+03
