6.830000000000000000e+02,2.000000000000000000e+00,1.000000000000000000e+00,0.000000000000000000e+00,0.000000000000000000e+00,0.000000000000000000e+00,0.000000000000000000e+00,0.000000000000000000e+00,0.000000000000000000e+00,0.000000000000000000e+00,0.000000000000000000e+00
2.800000000000000000e+02,5.080000000000000000e+02,5.000000000000000000e+00,0.000000000000000000e+00,1.000000000000000000e+00,0.000000000000000000e+00,0.000000000000000000e+00,0.000000000000000000e+00,0.000000000000000000e+00,0.000000000000000000e+00,0.000000000000000000e+00
9.400000000000000000e+01,1.050000000000000000e+02,5.230000000000000000e+02,0.000000000000000000e+00,0.000000000000000000e+00,0.000000000000000000e+00,0.000000000000000000e+00,0.000000000000000000e+00,0.000000000000000000e+00,0.000000000000000000e+00,0.000000000000000000e+00
4.900000000000000000e+01,6.000000000000000000e+01,4.700000000000000000e+02,1.280000000000000000e+02,0.000000000000000000e+00,0.000000000000000000e+00,0.000000000000000000e+00,0.000000000000000000e+00,0.000000000000000000e+00,0.000000000000000000e+00,0.000000000000000000e+00
6.700000000000000000e+01,7.800000000000000000e+01,8.700000000000000000e+01,4.600000000000000000e+01,4.090000000000000000e+02,0.000000000000000000e+00,0.000000000000000000e+00,0.000000000000000000e+00,0.000000000000000000e+00,0.000000000000000000e+00,0.000000000000000000e+00
3.500000000000000000e+01,9.300000000000000000e+01,1.120000000000000000e+02,2.260000000000000000e+02,2.900000000000000000e+01,1.290000000000000000e+02,0.000000000000000000e+00,0.000000000000000000e+00,0.000000000000000000e+00,0.000000000000000000e+00,0.000000000000000000e+00
4.400000000000000000e+02,6.900000000000000000e+01,1.370000000000000000e+02,2.000000000000000000e+00,1.500000000000000000e+01,2.000000000000000000e+00,5.000000000000000000e+00,0.000000000000000000e+00,0.000000000000000000e+00,0.000000000000000000e+00,0.000000000000000000e+00
4.300000000000000000e+01,8.500000000000000000e+01,2.250000000000000000e+02,1.720000000000000000e+02,1.070000000000000000e+02,3.000000000000000000e+00,0.000000000000000000e+00,8.400000000000000000e+01,0.000000000000000000e+00,0.000000000000000000e+00,0.000000000000000000e+00
4.200000000000000000e+02,4.900000000000000000e+01,2.400000000000000000e+01,2.700000000000000000e+01,2.300000000000000000e+01,4.000000000000000000e+01,1.800000000000000000e+01,2.100000000000000000e+01,5.900000000000000000e+01,0.000000000000000000e+00,0.000000000000000000e+00
7.300000000000000000e+01,5.700000000000000000e+01,2.800000000000000000e+01,2.500000000000000000e+01,4.750000000000000000e+02,1.000000000000000000e+01,0.000000000000000000e+00,3.500000000000000000e+01,3.000000000000000000e+00,0.000000000000000000e+00,0.000000000000000000e+00
6.077000000000000000e+03,1.428500000000000000e+04,3.701000000000000000e+03,8.520000000000000000e+02,1.120000000000000000e+03,1.600000000000000000e+02,1.280000000000000000e+02,7.000000000000000000e+00,5.300000000000000000e+01,0.000000000000000000e+00,0.000000000000000000e+00
2.900000000000000000e+02,1.000000000000000000e+00,2.000000000000000000e+00,0.000000000000000000e+00,1.000000000000000000e+00,0.000000000000000000e+00,0.000000000000000000e+00,0.000000000000000000e+00,0.000000000000000000e+00,0.000000000000000000e+00,0.000000000000000000e+00
1.240000000000000000e+02,2.150000000000000000e+02,2.000000000000000000e+00,0.000000000000000000e+00,0.000000000000000000e+00,0.000000000000000000e+00,0.000000000000000000e+00,0.000000000000000000e+00,0.000000000000000000e+00,0.000000000000000000e+00,0.000000000000000000e+00
3.900000000000000000e+01,3.700000000000000000e+01,2.330000000000000000e+02,1.000000000000000000e+00,0.000000000000000000e+00,0.000000000000000000e+00,0.000000000000000000e+00,0.000000000000000000e+00,0.000000000000000000e+00,0.000000000000000000e+00,0.000000000000000000e+00
2.600000000000000000e+01,2.800000000000000000e+01,1.880000000000000000e+02,6.100000000000000000e+01,0.000000000000000000e+00,0.000000000000000000e+00,0.000000000000000000e+00,0.000000000000000000e+00,0.000000000000000000e+00,0.000000000000000000e+00,0.000000000000000000e+00
2.900000000000000000e+01,4.400000000000000000e+01,3.200000000000000000e+01,1.400000000000000000e+01,1.760000000000000000e+02,0.000000000000000000e+00,0.000000000000000000e+00,0.000000000000000000e+00,0.000000000000000000e+00,0.000000000000000000e+00,0.000000000000000000e+00
7.000000000000000000e+00,4.200000000000000000e+01,6.200000000000000000e+01,9.000000000000000000e+01,9.000000000000000000e+00,5.800000000000000000e+01,0.000000000000000000e+00,0.000000000000000000e+00,0.000000000000000000e+00,0.000000000000000000e+00,0.000000000000000000e+00
2.020000000000000000e+02,2.700000000000000000e+01,5.200000000000000000e+01,0.000000000000000000e+00,4.000000000000000000e+00,1.000000000000000000e+00,2.000000000000000000e+00,0.000000000000000000e+00,0.000000000000000000e+00,0.000000000000000000e+00,0.000000000000000000e+00
1.300000000000000000e+01,4.000000000000000000e+01,9.800000000000000000e+01,8.800000000000000000e+01,4.100000000000000000e+01,3.000000000000000000e+00,0.000000000000000000e+00,2.600000000000000000e+01,0.000000000000000000e+00,0.000000000000000000e+00,0.000000000000000000e+00
1.800000000000000000e+02,2.400000000000000000e+01,1.000000000000000000e+01,1.100000000000000000e+01,1.100000000000000000e+01,1.700000000000000000e+01,6.000000000000000000e+00,5.000000000000000000e+00,2.900000000000000000e+01,0.000000000000000000e+00,0.000000000000000000e+00
2.400000000000000000e+01,2.900000000000000000e+01,3.000000000000000000e+00,4.000000000000000000e+00,2.190000000000000000e+02,8.000000000000000000e+00,0.000000000000000000e+00,1.400000000000000000e+01,2.000000000000000000e+00,0.000000000000000000e+00,0.000000000000000000e+00
6.077000000000000000e+03,1.428500000000000000e+04,3.701000000000000000e+03,8.520000000000000000e+02,1.120000000000000000e+03,1.600000000000000000e+02,1.280000000000000000e+02,7.000000000000000000e+00,5.300000000000000000e+01,0.000000000000000000e+00,0.000000000000000000e+00
