6.860000000000000000e+02,0.000000000000000000e+00,0.000000000000000000e+00,0.000000000000000000e+00,0.000000000000000000e+00,0.000000000000000000e+00,0.000000000000000000e+00,0.000000000000000000e+00,0.000000000000000000e+00,0.000000000000000000e+00,0.000000000000000000e+00
2.000000000000000000e+00,7.920000000000000000e+02,0.000000000000000000e+00,0.000000000000000000e+00,0.000000000000000000e+00,0.000000000000000000e+00,0.000000000000000000e+00,0.000000000000000000e+00,0.000000000000000000e+00,0.000000000000000000e+00,0.000000000000000000e+00
1.000000000000000000e+00,1.000000000000000000e+00,7.200000000000000000e+02,0.000000000000000000e+00,0.000000000000000000e+00,0.000000000000000000e+00,0.000000000000000000e+00,0.000000000000000000e+00,0.000000000000000000e+00,0.000000000000000000e+00,0.000000000000000000e+00
1.000000000000000000e+00,4.000000000000000000e+00,5.600000000000000000e+01,6.460000000000000000e+02,0.000000000000000000e+00,0.000000000000000000e+00,0.000000000000000000e+00,0.000000000000000000e+00,0.000000000000000000e+00,0.000000000000000000e+00,0.000000000000000000e+00
0.000000000000000000e+00,3.000000000000000000e+00,1.000000000000000000e+01,0.000000000000000000e+00,6.740000000000000000e+02,0.000000000000000000e+00,0.000000000000000000e+00,0.000000000000000000e+00,0.000000000000000000e+00,0.000000000000000000e+00,0.000000000000000000e+00
4.000000000000000000e+00,1.000000000000000000e+00,2.000000000000000000e+00,7.100000000000000000e+01,3.000000000000000000e+00,5.430000000000000000e+02,0.000000000000000000e+00,0.000000000000000000e+00,0.000000000000000000e+00,0.000000000000000000e+00,0.000000000000000000e+00
1.700000000000000000e+01,1.300000000000000000e+01,1.800000000000000000e+01,0.000000000000000000e+00,1.700000000000000000e+01,2.000000000000000000e+00,6.030000000000000000e+02,0.000000000000000000e+00,0.000000000000000000e+00,0.000000000000000000e+00,0.000000000000000000e+00
0.000000000000000000e+00,5.000000000000000000e+00,1.200000000000000000e+01,6.000000000000000000e+00,2.100000000000000000e+01,1.000000000000000000e+00,0.000000000000000000e+00,6.740000000000000000e+02,0.000000000000000000e+00,0.000000000000000000e+00,0.000000000000000000e+00
6.600000000000000000e+01,6.000000000000000000e+00,7.000000000000000000e+00,0.000000000000000000e+00,4.000000000000000000e+00,1.100000000000000000e+01,6.000000000000000000e+00,2.000000000000000000e+00,5.790000000000000000e+02,0.000000000000000000e+00,0.000000000000000000e+00
1.000000000000000000e+00,9.000000000000000000e+00,3.000000000000000000e+00,1.700000000000000000e+01,8.200000000000000000e+01,1.500000000000000000e+01,0.000000000000000000e+00,7.000000000000000000e+01,3.600000000000000000e+01,4.730000000000000000e+02,0.000000000000000000e+00
1.094000000000000000e+03,6.671000000000000000e+03,4.798000000000000000e+03,4.440000000000000000e+02,5.059000000000000000e+03,2.123000000000000000e+03,2.561000000000000000e+03,2.130000000000000000e+02,6.100000000000000000e+02,2.090000000000000000e+02,2.601000000000000000e+03
2.850000000000000000e+02,0.000000000000000000e+00,2.000000000000000000e+00,0.000000000000000000e+00,1.000000000000000000e+00,0.000000000000000000e+00,3.000000000000000000e+00,1.000000000000000000e+00,0.000000000000000000e+00,0.000000000000000000e+00,2.000000000000000000e+00
0.000000000000000000e+00,3.370000000000000000e+02,3.000000000000000000e+00,0.000000000000000000e+00,1.000000000000000000e+00,0.000000000000000000e+00,0.000000000000000000e+00,0.000000000000000000e+00,0.000000000000000000e+00,0.000000000000000000e+00,0.000000000000000000e+00
1.000000000000000000e+00,0.000000000000000000e+00,3.000000000000000000e+02,2.000000000000000000e+00,0.000000000000000000e+00,0.000000000000000000e+00,0.000000000000000000e+00,1.000000000000000000e+00,2.000000000000000000e+00,0.000000000000000000e+00,4.000000000000000000e+00
0.000000000000000000e+00,0.000000000000000000e+00,3.900000000000000000e+01,2.470000000000000000e+02,0.000000000000000000e+00,0.000000000000000000e+00,0.000000000000000000e+00,6.000000000000000000e+00,2.000000000000000000e+00,0.000000000000000000e+00,9.000000000000000000e+00
0.000000000000000000e+00,3.000000000000000000e+00,2.000000000000000000e+00,0.000000000000000000e+00,2.810000000000000000e+02,0.000000000000000000e+00,1.000000000000000000e+00,3.000000000000000000e+00,0.000000000000000000e+00,2.000000000000000000e+00,3.000000000000000000e+00
0.000000000000000000e+00,0.000000000000000000e+00,1.000000000000000000e+00,4.000000000000000000e+01,1.000000000000000000e+00,2.160000000000000000e+02,1.000000000000000000e+00,0.000000000000000000e+00,3.000000000000000000e+00,0.000000000000000000e+00,6.000000000000000000e+00
1.500000000000000000e+01,5.000000000000000000e+00,3.000000000000000000e+00,0.000000000000000000e+00,3.000000000000000000e+00,2.000000000000000000e+00,2.590000000000000000e+02,0.000000000000000000e+00,0.000000000000000000e+00,0.000000000000000000e+00,1.000000000000000000e+00
0.000000000000000000e+00,0.000000000000000000e+00,1.000000000000000000e+00,4.000000000000000000e+00,6.000000000000000000e+00,1.000000000000000000e+00,0.000000000000000000e+00,2.940000000000000000e+02,0.000000000000000000e+00,0.000000000000000000e+00,3.000000000000000000e+00
3.300000000000000000e+01,4.000000000000000000e+00,4.000000000000000000e+00,1.000000000000000000e+00,1.000000000000000000e+00,1.100000000000000000e+01,2.000000000000000000e+00,0.000000000000000000e+00,2.330000000000000000e+02,0.000000000000000000e+00,4.000000000000000000e+00
0.000000000000000000e+00,4.000000000000000000e+00,0.000000000000000000e+00,2.000000000000000000e+00,4.700000000000000000e+01,4.000000000000000000e+00,0.000000000000000000e+00,2.700000000000000000e+01,1.400000000000000000e+01,2.020000000000000000e+02,3.000000000000000000e+00
1.094000000000000000e+03,6.671000000000000000e+03,4.798000000000000000e+03,4.440000000000000000e+02,5.059000000000000000e+03,2.123000000000000000e+03,2.561000000000000000e+03,2.130000000000000000e+02,6.100000000000000000e+02,2.090000000000000000e+02,2.601000000000000000e+03
