6,810000000000000000e+02 0,000000000000000000e+00 0,000000000000000000e+00 0,000000000000000000e+00 0,000000000000000000e+00 0,000000000000000000e+00 0,000000000000000000e+00 0,000000000000000000e+00 4,000000000000000000e+00 0,000000000000000000e+00 0,000000000000000000e+00
0,000000000000000000e+00 7,670000000000000000e+02 1,000000000000000000e+00 0,000000000000000000e+00 0,000000000000000000e+00 0,000000000000000000e+00 0,000000000000000000e+00 0,000000000000000000e+00 0,000000000000000000e+00 0,000000000000000000e+00 0,000000000000000000e+00
0,000000000000000000e+00 0,000000000000000000e+00 6,090000000000000000e+02 0,000000000000000000e+00 0,000000000000000000e+00 0,000000000000000000e+00 0,000000000000000000e+00 0,000000000000000000e+00 0,000000000000000000e+00 0,000000000000000000e+00 0,000000000000000000e+00
0,000000000000000000e+00 0,000000000000000000e+00 0,000000000000000000e+00 6,410000000000000000e+02 0,000000000000000000e+00 0,000000000000000000e+00 0,000000000000000000e+00 1,000000000000000000e+00 0,000000000000000000e+00 0,000000000000000000e+00 0,000000000000000000e+00
0,000000000000000000e+00 0,000000000000000000e+00 0,000000000000000000e+00 0,000000000000000000e+00 5,950000000000000000e+02 0,000000000000000000e+00 1,000000000000000000e+00 1,000000000000000000e+00 0,000000000000000000e+00 2,000000000000000000e+00 0,000000000000000000e+00
0,000000000000000000e+00 0,000000000000000000e+00 0,000000000000000000e+00 6,000000000000000000e+00 0,000000000000000000e+00 5,360000000000000000e+02 0,000000000000000000e+00 0,000000000000000000e+00 0,000000000000000000e+00 0,000000000000000000e+00 0,000000000000000000e+00
1,000000000000000000e+00 0,000000000000000000e+00 0,000000000000000000e+00 0,000000000000000000e+00 0,000000000000000000e+00 0,000000000000000000e+00 6,450000000000000000e+02 0,000000000000000000e+00 0,000000000000000000e+00 0,000000000000000000e+00 0,000000000000000000e+00
0,000000000000000000e+00 0,000000000000000000e+00 0,000000000000000000e+00 0,000000000000000000e+00 0,000000000000000000e+00 0,000000000000000000e+00 0,000000000000000000e+00 6,920000000000000000e+02 0,000000000000000000e+00 2,000000000000000000e+00 0,000000000000000000e+00
1,000000000000000000e+00 0,000000000000000000e+00 0,000000000000000000e+00 0,000000000000000000e+00 0,000000000000000000e+00 0,000000000000000000e+00 0,000000000000000000e+00 0,000000000000000000e+00 6,050000000000000000e+02 0,000000000000000000e+00 0,000000000000000000e+00
0,000000000000000000e+00 0,000000000000000000e+00 0,000000000000000000e+00 0,000000000000000000e+00 8,000000000000000000e+00 0,000000000000000000e+00 0,000000000000000000e+00 2,000000000000000000e+00 1,000000000000000000e+00 6,950000000000000000e+02 0,000000000000000000e+00
7,400000000000000000e+01 7,000000000000000000e+00 2,500000000000000000e+01 0,000000000000000000e+00 6,400000000000000000e+01 6,000000000000000000e+00 1,600000000000000000e+01 1,000000000000000000e+00 4,300000000000000000e+01 1,400000000000000000e+01 0,000000000000000000e+00
