6.320000000000000000e+02,8.000000000000000000e+00,5.000000000000000000e+00,4.000000000000000000e+00,0.000000000000000000e+00,0.000000000000000000e+00,1.500000000000000000e+01,0.000000000000000000e+00,2.000000000000000000e+01,2.000000000000000000e+00
1.000000000000000000e+00,7.520000000000000000e+02,1.500000000000000000e+01,3.000000000000000000e+00,4.000000000000000000e+00,5.000000000000000000e+00,7.000000000000000000e+00,0.000000000000000000e+00,1.000000000000000000e+00,6.000000000000000000e+00
2.000000000000000000e+00,2.000000000000000000e+00,6.120000000000000000e+02,5.800000000000000000e+01,2.000000000000000000e+00,1.000000000000000000e+00,4.000000000000000000e+00,2.700000000000000000e+01,8.000000000000000000e+00,6.000000000000000000e+00
1.000000000000000000e+00,0.000000000000000000e+00,6.000000000000000000e+00,6.650000000000000000e+02,0.000000000000000000e+00,1.200000000000000000e+01,0.000000000000000000e+00,1.500000000000000000e+01,7.000000000000000000e+00,1.000000000000000000e+00
1.000000000000000000e+00,3.000000000000000000e+00,4.000000000000000000e+00,1.000000000000000000e+00,5.930000000000000000e+02,1.000000000000000000e+00,1.200000000000000000e+01,1.000000000000000000e+00,5.000000000000000000e+00,6.600000000000000000e+01
6.000000000000000000e+00,1.000000000000000000e+00,2.000000000000000000e+00,3.800000000000000000e+01,7.000000000000000000e+00,5.490000000000000000e+02,4.000000000000000000e+00,0.000000000000000000e+00,8.000000000000000000e+00,9.000000000000000000e+00
8.000000000000000000e+00,1.100000000000000000e+01,1.200000000000000000e+01,2.000000000000000000e+00,6.000000000000000000e+00,6.000000000000000000e+00,6.220000000000000000e+02,0.000000000000000000e+00,3.000000000000000000e+00,0.000000000000000000e+00
0.000000000000000000e+00,4.000000000000000000e+00,1.400000000000000000e+01,1.200000000000000000e+01,1.700000000000000000e+01,2.000000000000000000e+00,0.000000000000000000e+00,6.050000000000000000e+02,1.000000000000000000e+00,6.400000000000000000e+01
7.200000000000000000e+01,1.200000000000000000e+01,7.000000000000000000e+00,5.000000000000000000e+00,9.000000000000000000e+00,3.000000000000000000e+00,3.100000000000000000e+01,3.000000000000000000e+00,5.160000000000000000e+02,2.300000000000000000e+01
1.000000000000000000e+00,5.000000000000000000e+00,1.000000000000000000e+00,2.200000000000000000e+01,1.300000000000000000e+01,7.000000000000000000e+00,0.000000000000000000e+00,1.100000000000000000e+01,1.400000000000000000e+01,6.320000000000000000e+02
2.660000000000000000e+02,9.000000000000000000e+00,3.000000000000000000e+00,3.000000000000000000e+00,1.000000000000000000e+00,0.000000000000000000e+00,9.000000000000000000e+00,0.000000000000000000e+00,3.000000000000000000e+00,0.000000000000000000e+00
2.000000000000000000e+00,3.230000000000000000e+02,5.000000000000000000e+00,1.000000000000000000e+00,2.000000000000000000e+00,1.000000000000000000e+00,4.000000000000000000e+00,1.000000000000000000e+00,2.000000000000000000e+00,0.000000000000000000e+00
0.000000000000000000e+00,1.000000000000000000e+00,2.680000000000000000e+02,2.200000000000000000e+01,2.000000000000000000e+00,4.000000000000000000e+00,2.000000000000000000e+00,6.000000000000000000e+00,2.000000000000000000e+00,3.000000000000000000e+00
0.000000000000000000e+00,0.000000000000000000e+00,6.000000000000000000e+00,2.690000000000000000e+02,1.000000000000000000e+00,1.000000000000000000e+01,0.000000000000000000e+00,8.000000000000000000e+00,7.000000000000000000e+00,2.000000000000000000e+00
0.000000000000000000e+00,2.000000000000000000e+00,0.000000000000000000e+00,1.000000000000000000e+00,2.440000000000000000e+02,0.000000000000000000e+00,6.000000000000000000e+00,2.000000000000000000e+00,6.000000000000000000e+00,3.400000000000000000e+01
0.000000000000000000e+00,1.000000000000000000e+00,1.000000000000000000e+00,2.100000000000000000e+01,1.000000000000000000e+00,2.340000000000000000e+02,1.000000000000000000e+00,0.000000000000000000e+00,4.000000000000000000e+00,5.000000000000000000e+00
4.000000000000000000e+00,3.000000000000000000e+00,4.000000000000000000e+00,0.000000000000000000e+00,0.000000000000000000e+00,1.000000000000000000e+00,2.740000000000000000e+02,0.000000000000000000e+00,2.000000000000000000e+00,0.000000000000000000e+00
0.000000000000000000e+00,1.000000000000000000e+00,2.000000000000000000e+00,7.000000000000000000e+00,7.000000000000000000e+00,0.000000000000000000e+00,0.000000000000000000e+00,2.690000000000000000e+02,0.000000000000000000e+00,2.300000000000000000e+01
3.600000000000000000e+01,7.000000000000000000e+00,4.000000000000000000e+00,2.000000000000000000e+00,1.000000000000000000e+00,4.000000000000000000e+00,6.000000000000000000e+00,3.000000000000000000e+00,2.210000000000000000e+02,9.000000000000000000e+00
0.000000000000000000e+00,1.000000000000000000e+00,3.000000000000000000e+00,3.000000000000000000e+00,2.000000000000000000e+00,1.000000000000000000e+00,1.000000000000000000e+00,5.000000000000000000e+00,6.000000000000000000e+00,2.810000000000000000e+02
