6.540000000000000000e+02,1.000000000000000000e+00,2.000000000000000000e+00,1.000000000000000000e+00,0.000000000000000000e+00,1.000000000000000000e+00,7.000000000000000000e+00,0.000000000000000000e+00,9.000000000000000000e+00,0.000000000000000000e+00,1.100000000000000000e+01
0.000000000000000000e+00,7.690000000000000000e+02,5.000000000000000000e+00,0.000000000000000000e+00,0.000000000000000000e+00,3.000000000000000000e+00,3.000000000000000000e+00,0.000000000000000000e+00,1.000000000000000000e+00,2.000000000000000000e+00,1.100000000000000000e+01
1.000000000000000000e+00,0.000000000000000000e+00,6.850000000000000000e+02,1.200000000000000000e+01,2.000000000000000000e+00,0.000000000000000000e+00,2.000000000000000000e+00,8.000000000000000000e+00,5.000000000000000000e+00,1.000000000000000000e+00,6.000000000000000000e+00
0.000000000000000000e+00,0.000000000000000000e+00,3.000000000000000000e+00,6.750000000000000000e+02,0.000000000000000000e+00,8.000000000000000000e+00,0.000000000000000000e+00,7.000000000000000000e+00,3.000000000000000000e+00,0.000000000000000000e+00,1.100000000000000000e+01
0.000000000000000000e+00,1.000000000000000000e+00,5.000000000000000000e+00,1.000000000000000000e+00,6.400000000000000000e+02,0.000000000000000000e+00,4.000000000000000000e+00,0.000000000000000000e+00,1.000000000000000000e+00,2.000000000000000000e+01,1.500000000000000000e+01
1.000000000000000000e+00,0.000000000000000000e+00,0.000000000000000000e+00,1.100000000000000000e+01,2.000000000000000000e+00,5.920000000000000000e+02,3.000000000000000000e+00,0.000000000000000000e+00,5.000000000000000000e+00,4.000000000000000000e+00,6.000000000000000000e+00
3.000000000000000000e+00,4.000000000000000000e+00,1.000000000000000000e+00,0.000000000000000000e+00,0.000000000000000000e+00,1.000000000000000000e+00,6.460000000000000000e+02,0.000000000000000000e+00,1.000000000000000000e+00,0.000000000000000000e+00,1.400000000000000000e+01
0.000000000000000000e+00,1.000000000000000000e+00,6.000000000000000000e+00,2.000000000000000000e+00,4.000000000000000000e+00,1.000000000000000000e+00,0.000000000000000000e+00,6.640000000000000000e+02,0.000000000000000000e+00,2.400000000000000000e+01,1.700000000000000000e+01
1.900000000000000000e+01,2.000000000000000000e+00,2.000000000000000000e+00,1.000000000000000000e+00,2.000000000000000000e+00,1.000000000000000000e+00,8.000000000000000000e+00,0.000000000000000000e+00,6.200000000000000000e+02,8.000000000000000000e+00,1.800000000000000000e+01
0.000000000000000000e+00,2.000000000000000000e+00,0.000000000000000000e+00,1.000000000000000000e+01,8.000000000000000000e+00,4.000000000000000000e+00,0.000000000000000000e+00,8.000000000000000000e+00,3.000000000000000000e+00,6.540000000000000000e+02,1.700000000000000000e+01
0.000000000000000000e+00,0.000000000000000000e+00,0.000000000000000000e+00,0.000000000000000000e+00,0.000000000000000000e+00,0.000000000000000000e+00,0.000000000000000000e+00,0.000000000000000000e+00,0.000000000000000000e+00,0.000000000000000000e+00,0.000000000000000000e+00
2.760000000000000000e+02,4.000000000000000000e+00,2.000000000000000000e+00,0.000000000000000000e+00,0.000000000000000000e+00,1.000000000000000000e+00,6.000000000000000000e+00,0.000000000000000000e+00,1.000000000000000000e+00,0.000000000000000000e+00,4.000000000000000000e+00
0.000000000000000000e+00,3.260000000000000000e+02,1.000000000000000000e+00,0.000000000000000000e+00,0.000000000000000000e+00,0.000000000000000000e+00,3.000000000000000000e+00,1.000000000000000000e+00,3.000000000000000000e+00,1.000000000000000000e+00,6.000000000000000000e+00
0.000000000000000000e+00,1.000000000000000000e+00,2.890000000000000000e+02,6.000000000000000000e+00,0.000000000000000000e+00,0.000000000000000000e+00,1.000000000000000000e+00,2.000000000000000000e+00,2.000000000000000000e+00,0.000000000000000000e+00,9.000000000000000000e+00
0.000000000000000000e+00,0.000000000000000000e+00,6.000000000000000000e+00,2.750000000000000000e+02,1.000000000000000000e+00,8.000000000000000000e+00,0.000000000000000000e+00,5.000000000000000000e+00,3.000000000000000000e+00,1.000000000000000000e+00,4.000000000000000000e+00
0.000000000000000000e+00,0.000000000000000000e+00,0.000000000000000000e+00,0.000000000000000000e+00,2.630000000000000000e+02,0.000000000000000000e+00,2.000000000000000000e+00,1.000000000000000000e+00,2.000000000000000000e+00,1.700000000000000000e+01,1.000000000000000000e+01
0.000000000000000000e+00,1.000000000000000000e+00,0.000000000000000000e+00,1.300000000000000000e+01,0.000000000000000000e+00,2.440000000000000000e+02,1.000000000000000000e+00,1.000000000000000000e+00,2.000000000000000000e+00,3.000000000000000000e+00,3.000000000000000000e+00
3.000000000000000000e+00,2.000000000000000000e+00,1.000000000000000000e+00,0.000000000000000000e+00,0.000000000000000000e+00,0.000000000000000000e+00,2.760000000000000000e+02,0.000000000000000000e+00,2.000000000000000000e+00,0.000000000000000000e+00,4.000000000000000000e+00
0.000000000000000000e+00,0.000000000000000000e+00,0.000000000000000000e+00,3.000000000000000000e+00,3.000000000000000000e+00,0.000000000000000000e+00,0.000000000000000000e+00,2.810000000000000000e+02,0.000000000000000000e+00,1.500000000000000000e+01,7.000000000000000000e+00
8.000000000000000000e+00,3.000000000000000000e+00,3.000000000000000000e+00,1.000000000000000000e+00,1.000000000000000000e+00,2.000000000000000000e+00,4.000000000000000000e+00,2.000000000000000000e+00,2.540000000000000000e+02,4.000000000000000000e+00,1.100000000000000000e+01
0.000000000000000000e+00,1.000000000000000000e+00,2.000000000000000000e+00,1.000000000000000000e+00,4.000000000000000000e+00,3.000000000000000000e+00,0.000000000000000000e+00,7.000000000000000000e+00,2.000000000000000000e+00,2.780000000000000000e+02,5.000000000000000000e+00
8.340000000000000000e+02,1.143000000000000000e+03,2.547000000000000000e+03,5.330000000000000000e+02,3.093000000000000000e+03,3.391000000000000000e+03,5.625000000000000000e+03,1.860000000000000000e+02,1.138000000000000000e+03,7.990000000000000000e+02,7.094000000000000000e+03
