4.630000000000000000e+02,3.000000000000000000e+00,3.000000000000000000e+00,0.000000000000000000e+00,0.000000000000000000e+00,0.000000000000000000e+00,2.000000000000000000e+00,0.000000000000000000e+00,8.000000000000000000e+00,0.000000000000000000e+00,1.100000000000000000e+01
4.000000000000000000e+00,5.240000000000000000e+02,3.000000000000000000e+00,1.000000000000000000e+00,0.000000000000000000e+00,3.000000000000000000e+00,2.000000000000000000e+00,0.000000000000000000e+00,1.000000000000000000e+01,1.000000000000000000e+00,1.900000000000000000e+01
1.000000000000000000e+00,3.000000000000000000e+00,4.630000000000000000e+02,1.500000000000000000e+01,2.000000000000000000e+00,1.000000000000000000e+00,0.000000000000000000e+00,6.000000000000000000e+00,5.000000000000000000e+00,0.000000000000000000e+00,2.000000000000000000e+01
0.000000000000000000e+00,0.000000000000000000e+00,5.000000000000000000e+00,4.710000000000000000e+02,0.000000000000000000e+00,7.000000000000000000e+00,0.000000000000000000e+00,9.000000000000000000e+00,2.000000000000000000e+00,1.000000000000000000e+00,1.000000000000000000e+01
1.000000000000000000e+00,0.000000000000000000e+00,0.000000000000000000e+00,0.000000000000000000e+00,4.530000000000000000e+02,0.000000000000000000e+00,6.000000000000000000e+00,0.000000000000000000e+00,1.000000000000000000e+00,2.400000000000000000e+01,6.000000000000000000e+00
3.000000000000000000e+00,2.000000000000000000e+00,0.000000000000000000e+00,2.200000000000000000e+01,2.000000000000000000e+00,4.000000000000000000e+02,3.000000000000000000e+00,3.000000000000000000e+00,2.000000000000000000e+00,3.000000000000000000e+00,6.000000000000000000e+00
4.000000000000000000e+00,1.100000000000000000e+01,1.000000000000000000e+00,0.000000000000000000e+00,2.000000000000000000e+00,2.000000000000000000e+00,4.420000000000000000e+02,0.000000000000000000e+00,3.000000000000000000e+00,0.000000000000000000e+00,1.400000000000000000e+01
0.000000000000000000e+00,1.000000000000000000e+00,9.000000000000000000e+00,3.000000000000000000e+00,4.000000000000000000e+00,0.000000000000000000e+00,0.000000000000000000e+00,4.390000000000000000e+02,1.000000000000000000e+00,3.800000000000000000e+01,1.900000000000000000e+01
2.800000000000000000e+01,1.700000000000000000e+01,2.000000000000000000e+00,1.000000000000000000e+00,1.000000000000000000e+00,1.000000000000000000e+00,1.600000000000000000e+01,5.000000000000000000e+00,3.830000000000000000e+02,5.000000000000000000e+00,2.800000000000000000e+01
1.000000000000000000e+00,1.000000000000000000e+00,0.000000000000000000e+00,1.100000000000000000e+01,5.000000000000000000e+00,4.000000000000000000e+00,0.000000000000000000e+00,7.000000000000000000e+00,7.000000000000000000e+00,4.440000000000000000e+02,2.400000000000000000e+01
0.000000000000000000e+00,0.000000000000000000e+00,0.000000000000000000e+00,0.000000000000000000e+00,0.000000000000000000e+00,0.000000000000000000e+00,0.000000000000000000e+00,0.000000000000000000e+00,0.000000000000000000e+00,0.000000000000000000e+00,0.000000000000000000e+00
4.610000000000000000e+02,6.000000000000000000e+00,1.000000000000000000e+00,0.000000000000000000e+00,0.000000000000000000e+00,0.000000000000000000e+00,9.000000000000000000e+00,0.000000000000000000e+00,5.000000000000000000e+00,0.000000000000000000e+00,8.000000000000000000e+00
3.000000000000000000e+00,5.200000000000000000e+02,2.000000000000000000e+00,1.000000000000000000e+00,1.000000000000000000e+00,3.000000000000000000e+00,5.000000000000000000e+00,2.000000000000000000e+00,1.700000000000000000e+01,2.000000000000000000e+00,1.200000000000000000e+01
1.000000000000000000e+00,1.000000000000000000e+00,4.580000000000000000e+02,2.500000000000000000e+01,1.000000000000000000e+00,1.000000000000000000e+00,2.000000000000000000e+00,9.000000000000000000e+00,3.000000000000000000e+00,3.000000000000000000e+00,1.200000000000000000e+01
0.000000000000000000e+00,0.000000000000000000e+00,8.000000000000000000e+00,4.480000000000000000e+02,0.000000000000000000e+00,1.800000000000000000e+01,0.000000000000000000e+00,6.000000000000000000e+00,8.000000000000000000e+00,2.000000000000000000e+00,1.500000000000000000e+01
0.000000000000000000e+00,0.000000000000000000e+00,0.000000000000000000e+00,0.000000000000000000e+00,4.300000000000000000e+02,0.000000000000000000e+00,5.000000000000000000e+00,1.000000000000000000e+00,3.000000000000000000e+00,4.100000000000000000e+01,1.100000000000000000e+01
2.000000000000000000e+00,1.000000000000000000e+00,2.000000000000000000e+00,2.300000000000000000e+01,0.000000000000000000e+00,3.870000000000000000e+02,4.000000000000000000e+00,0.000000000000000000e+00,6.000000000000000000e+00,7.000000000000000000e+00,1.400000000000000000e+01
1.100000000000000000e+01,9.000000000000000000e+00,0.000000000000000000e+00,1.000000000000000000e+00,2.000000000000000000e+00,0.000000000000000000e+00,4.340000000000000000e+02,0.000000000000000000e+00,5.000000000000000000e+00,0.000000000000000000e+00,1.700000000000000000e+01
1.000000000000000000e+00,3.000000000000000000e+00,4.000000000000000000e+00,1.000000000000000000e+00,5.000000000000000000e+00,0.000000000000000000e+00,0.000000000000000000e+00,4.440000000000000000e+02,5.000000000000000000e+00,2.900000000000000000e+01,2.200000000000000000e+01
2.600000000000000000e+01,1.500000000000000000e+01,3.000000000000000000e+00,4.000000000000000000e+00,4.000000000000000000e+00,4.000000000000000000e+00,1.100000000000000000e+01,5.000000000000000000e+00,3.760000000000000000e+02,1.300000000000000000e+01,2.600000000000000000e+01
1.000000000000000000e+00,1.000000000000000000e+00,1.000000000000000000e+00,3.000000000000000000e+00,5.000000000000000000e+00,0.000000000000000000e+00,0.000000000000000000e+00,1.000000000000000000e+01,1.100000000000000000e+01,4.620000000000000000e+02,1.100000000000000000e+01
1.354000000000000000e+03,8.830000000000000000e+02,1.994000000000000000e+03,6.400000000000000000e+02,5.672000000000000000e+03,3.202000000000000000e+03,3.181000000000000000e+03,6.720000000000000000e+02,9.730000000000000000e+02,1.110000000000000000e+03,6.702000000000000000e+03
