6.580000000000000000e+02,4.000000000000000000e+00,2.000000000000000000e+00,1.000000000000000000e+00,0.000000000000000000e+00,2.000000000000000000e+00,6.000000000000000000e+00,0.000000000000000000e+00,1.300000000000000000e+01,0.000000000000000000e+00
1.000000000000000000e+00,7.730000000000000000e+02,6.000000000000000000e+00,1.000000000000000000e+00,2.000000000000000000e+00,4.000000000000000000e+00,4.000000000000000000e+00,0.000000000000000000e+00,0.000000000000000000e+00,3.000000000000000000e+00
1.000000000000000000e+00,2.000000000000000000e+00,6.840000000000000000e+02,1.200000000000000000e+01,2.000000000000000000e+00,0.000000000000000000e+00,3.000000000000000000e+00,1.100000000000000000e+01,5.000000000000000000e+00,2.000000000000000000e+00
0.000000000000000000e+00,0.000000000000000000e+00,6.000000000000000000e+00,6.780000000000000000e+02,0.000000000000000000e+00,1.000000000000000000e+01,1.000000000000000000e+00,7.000000000000000000e+00,5.000000000000000000e+00,0.000000000000000000e+00
1.000000000000000000e+00,3.000000000000000000e+00,7.000000000000000000e+00,1.000000000000000000e+00,6.400000000000000000e+02,0.000000000000000000e+00,4.000000000000000000e+00,2.000000000000000000e+00,3.000000000000000000e+00,2.600000000000000000e+01
2.000000000000000000e+00,0.000000000000000000e+00,1.000000000000000000e+00,1.800000000000000000e+01,5.000000000000000000e+00,5.830000000000000000e+02,4.000000000000000000e+00,0.000000000000000000e+00,6.000000000000000000e+00,5.000000000000000000e+00
8.000000000000000000e+00,6.000000000000000000e+00,5.000000000000000000e+00,1.000000000000000000e+00,0.000000000000000000e+00,4.000000000000000000e+00,6.430000000000000000e+02,0.000000000000000000e+00,3.000000000000000000e+00,0.000000000000000000e+00
0.000000000000000000e+00,1.000000000000000000e+00,9.000000000000000000e+00,3.000000000000000000e+00,1.200000000000000000e+01,2.000000000000000000e+00,0.000000000000000000e+00,6.650000000000000000e+02,0.000000000000000000e+00,2.700000000000000000e+01
3.300000000000000000e+01,5.000000000000000000e+00,9.000000000000000000e+00,2.000000000000000000e+00,2.000000000000000000e+00,2.000000000000000000e+00,1.300000000000000000e+01,0.000000000000000000e+00,6.040000000000000000e+02,1.100000000000000000e+01
1.000000000000000000e+00,4.000000000000000000e+00,1.000000000000000000e+00,1.500000000000000000e+01,1.500000000000000000e+01,6.000000000000000000e+00,0.000000000000000000e+00,1.200000000000000000e+01,7.000000000000000000e+00,6.450000000000000000e+02
2.770000000000000000e+02,4.000000000000000000e+00,4.000000000000000000e+00,1.000000000000000000e+00,1.000000000000000000e+00,0.000000000000000000e+00,6.000000000000000000e+00,0.000000000000000000e+00,1.000000000000000000e+00,0.000000000000000000e+00
1.000000000000000000e+00,3.290000000000000000e+02,3.000000000000000000e+00,1.000000000000000000e+00,0.000000000000000000e+00,0.000000000000000000e+00,4.000000000000000000e+00,1.000000000000000000e+00,1.000000000000000000e+00,1.000000000000000000e+00
0.000000000000000000e+00,1.000000000000000000e+00,2.950000000000000000e+02,5.000000000000000000e+00,1.000000000000000000e+00,0.000000000000000000e+00,1.000000000000000000e+00,3.000000000000000000e+00,3.000000000000000000e+00,1.000000000000000000e+00
0.000000000000000000e+00,0.000000000000000000e+00,8.000000000000000000e+00,2.750000000000000000e+02,1.000000000000000000e+00,9.000000000000000000e+00,0.000000000000000000e+00,5.000000000000000000e+00,4.000000000000000000e+00,1.000000000000000000e+00
0.000000000000000000e+00,1.000000000000000000e+00,0.000000000000000000e+00,0.000000000000000000e+00,2.680000000000000000e+02,0.000000000000000000e+00,1.000000000000000000e+00,4.000000000000000000e+00,4.000000000000000000e+00,1.700000000000000000e+01
0.000000000000000000e+00,0.000000000000000000e+00,1.000000000000000000e+00,1.400000000000000000e+01,1.000000000000000000e+00,2.420000000000000000e+02,1.000000000000000000e+00,1.000000000000000000e+00,3.000000000000000000e+00,5.000000000000000000e+00
4.000000000000000000e+00,3.000000000000000000e+00,1.000000000000000000e+00,1.000000000000000000e+00,0.000000000000000000e+00,1.000000000000000000e+00,2.770000000000000000e+02,0.000000000000000000e+00,1.000000000000000000e+00,0.000000000000000000e+00
0.000000000000000000e+00,0.000000000000000000e+00,3.000000000000000000e+00,4.000000000000000000e+00,4.000000000000000000e+00,0.000000000000000000e+00,0.000000000000000000e+00,2.840000000000000000e+02,0.000000000000000000e+00,1.400000000000000000e+01
1.500000000000000000e+01,6.000000000000000000e+00,4.000000000000000000e+00,1.000000000000000000e+00,2.000000000000000000e+00,3.000000000000000000e+00,6.000000000000000000e+00,3.000000000000000000e+00,2.500000000000000000e+02,3.000000000000000000e+00
0.000000000000000000e+00,1.000000000000000000e+00,3.000000000000000000e+00,2.000000000000000000e+00,4.000000000000000000e+00,2.000000000000000000e+00,0.000000000000000000e+00,8.000000000000000000e+00,4.000000000000000000e+00,2.790000000000000000e+02
