6.860000000000000000e+02,0.000000000000000000e+00,0.000000000000000000e+00,0.000000000000000000e+00,0.000000000000000000e+00,0.000000000000000000e+00,0.000000000000000000e+00,0.000000000000000000e+00,0.000000000000000000e+00,0.000000000000000000e+00
0.000000000000000000e+00,7.940000000000000000e+02,0.000000000000000000e+00,0.000000000000000000e+00,0.000000000000000000e+00,0.000000000000000000e+00,0.000000000000000000e+00,0.000000000000000000e+00,0.000000000000000000e+00,0.000000000000000000e+00
0.000000000000000000e+00,0.000000000000000000e+00,7.220000000000000000e+02,0.000000000000000000e+00,0.000000000000000000e+00,0.000000000000000000e+00,0.000000000000000000e+00,0.000000000000000000e+00,0.000000000000000000e+00,0.000000000000000000e+00
0.000000000000000000e+00,0.000000000000000000e+00,0.000000000000000000e+00,7.070000000000000000e+02,0.000000000000000000e+00,0.000000000000000000e+00,0.000000000000000000e+00,0.000000000000000000e+00,0.000000000000000000e+00,0.000000000000000000e+00
0.000000000000000000e+00,0.000000000000000000e+00,0.000000000000000000e+00,0.000000000000000000e+00,6.870000000000000000e+02,0.000000000000000000e+00,0.000000000000000000e+00,0.000000000000000000e+00,0.000000000000000000e+00,0.000000000000000000e+00
0.000000000000000000e+00,0.000000000000000000e+00,0.000000000000000000e+00,0.000000000000000000e+00,0.000000000000000000e+00,6.240000000000000000e+02,0.000000000000000000e+00,0.000000000000000000e+00,0.000000000000000000e+00,0.000000000000000000e+00
0.000000000000000000e+00,0.000000000000000000e+00,0.000000000000000000e+00,0.000000000000000000e+00,0.000000000000000000e+00,0.000000000000000000e+00,6.700000000000000000e+02,0.000000000000000000e+00,0.000000000000000000e+00,0.000000000000000000e+00
0.000000000000000000e+00,0.000000000000000000e+00,0.000000000000000000e+00,0.000000000000000000e+00,0.000000000000000000e+00,0.000000000000000000e+00,0.000000000000000000e+00,7.190000000000000000e+02,0.000000000000000000e+00,0.000000000000000000e+00
0.000000000000000000e+00,0.000000000000000000e+00,0.000000000000000000e+00,0.000000000000000000e+00,0.000000000000000000e+00,0.000000000000000000e+00,0.000000000000000000e+00,0.000000000000000000e+00,6.810000000000000000e+02,0.000000000000000000e+00
0.000000000000000000e+00,0.000000000000000000e+00,0.000000000000000000e+00,0.000000000000000000e+00,0.000000000000000000e+00,0.000000000000000000e+00,0.000000000000000000e+00,0.000000000000000000e+00,0.000000000000000000e+00,7.060000000000000000e+02
2.470000000000000000e+02,7.000000000000000000e+00,5.000000000000000000e+00,2.000000000000000000e+00,3.000000000000000000e+00,5.000000000000000000e+00,1.000000000000000000e+01,0.000000000000000000e+00,8.000000000000000000e+00,7.000000000000000000e+00
7.000000000000000000e+00,2.920000000000000000e+02,1.000000000000000000e+01,1.000000000000000000e+00,3.000000000000000000e+00,3.000000000000000000e+00,1.200000000000000000e+01,2.000000000000000000e+00,6.000000000000000000e+00,5.000000000000000000e+00
2.000000000000000000e+00,3.000000000000000000e+00,1.790000000000000000e+02,4.900000000000000000e+01,1.700000000000000000e+01,1.100000000000000000e+01,5.000000000000000000e+00,2.300000000000000000e+01,9.000000000000000000e+00,1.200000000000000000e+01
0.000000000000000000e+00,0.000000000000000000e+00,3.200000000000000000e+01,1.940000000000000000e+02,6.000000000000000000e+00,4.700000000000000000e+01,0.000000000000000000e+00,1.400000000000000000e+01,3.000000000000000000e+00,7.000000000000000000e+00
6.000000000000000000e+00,5.000000000000000000e+00,8.000000000000000000e+00,1.400000000000000000e+01,1.840000000000000000e+02,1.700000000000000000e+01,4.000000000000000000e+00,2.500000000000000000e+01,9.000000000000000000e+00,2.300000000000000000e+01
3.000000000000000000e+00,1.000000000000000000e+00,5.000000000000000000e+00,6.400000000000000000e+01,5.000000000000000000e+00,1.610000000000000000e+02,1.000000000000000000e+00,1.100000000000000000e+01,7.000000000000000000e+00,1.000000000000000000e+01
1.900000000000000000e+01,5.000000000000000000e+00,2.000000000000000000e+00,0.000000000000000000e+00,2.000000000000000000e+00,4.000000000000000000e+00,2.430000000000000000e+02,1.000000000000000000e+00,1.000000000000000000e+01,2.000000000000000000e+00
3.000000000000000000e+00,7.000000000000000000e+00,1.100000000000000000e+01,1.800000000000000000e+01,2.800000000000000000e+01,4.000000000000000000e+00,0.000000000000000000e+00,2.100000000000000000e+02,4.000000000000000000e+00,2.400000000000000000e+01
3.600000000000000000e+01,7.000000000000000000e+00,6.000000000000000000e+00,5.000000000000000000e+00,7.000000000000000000e+00,4.000000000000000000e+00,8.000000000000000000e+00,4.000000000000000000e+00,1.880000000000000000e+02,2.800000000000000000e+01
3.000000000000000000e+00,2.000000000000000000e+00,5.000000000000000000e+00,5.000000000000000000e+00,1.300000000000000000e+01,1.000000000000000000e+00,0.000000000000000000e+00,1.500000000000000000e+01,1.000000000000000000e+01,2.490000000000000000e+02
