6.220000000000000000e+02,6.000000000000000000e+00,1.000000000000000000e+00,2.000000000000000000e+00,0.000000000000000000e+00,0.000000000000000000e+00,1.400000000000000000e+01,0.000000000000000000e+00,1.700000000000000000e+01,1.000000000000000000e+00,2.300000000000000000e+01
0.000000000000000000e+00,7.180000000000000000e+02,5.000000000000000000e+00,2.000000000000000000e+00,1.000000000000000000e+00,5.000000000000000000e+00,5.000000000000000000e+00,0.000000000000000000e+00,0.000000000000000000e+00,2.000000000000000000e+00,5.600000000000000000e+01
2.000000000000000000e+00,0.000000000000000000e+00,5.710000000000000000e+02,5.000000000000000000e+01,3.000000000000000000e+00,0.000000000000000000e+00,3.000000000000000000e+00,2.600000000000000000e+01,3.000000000000000000e+00,2.000000000000000000e+00,6.200000000000000000e+01
0.000000000000000000e+00,0.000000000000000000e+00,5.000000000000000000e+00,6.470000000000000000e+02,0.000000000000000000e+00,1.100000000000000000e+01,0.000000000000000000e+00,1.200000000000000000e+01,2.000000000000000000e+00,1.000000000000000000e+00,2.900000000000000000e+01
0.000000000000000000e+00,1.000000000000000000e+00,1.000000000000000000e+00,0.000000000000000000e+00,5.570000000000000000e+02,0.000000000000000000e+00,8.000000000000000000e+00,1.000000000000000000e+00,3.000000000000000000e+00,7.000000000000000000e+01,4.600000000000000000e+01
2.000000000000000000e+00,0.000000000000000000e+00,1.000000000000000000e+00,3.500000000000000000e+01,4.000000000000000000e+00,5.280000000000000000e+02,4.000000000000000000e+00,0.000000000000000000e+00,2.000000000000000000e+00,5.000000000000000000e+00,4.300000000000000000e+01
5.000000000000000000e+00,9.000000000000000000e+00,7.000000000000000000e+00,0.000000000000000000e+00,1.000000000000000000e+00,3.000000000000000000e+00,6.080000000000000000e+02,0.000000000000000000e+00,0.000000000000000000e+00,0.000000000000000000e+00,3.700000000000000000e+01
0.000000000000000000e+00,3.000000000000000000e+00,7.000000000000000000e+00,8.000000000000000000e+00,9.000000000000000000e+00,0.000000000000000000e+00,0.000000000000000000e+00,5.690000000000000000e+02,0.000000000000000000e+00,5.900000000000000000e+01,6.400000000000000000e+01
7.100000000000000000e+01,5.000000000000000000e+00,3.000000000000000000e+00,0.000000000000000000e+00,8.000000000000000000e+00,3.000000000000000000e+00,2.000000000000000000e+01,1.000000000000000000e+00,4.370000000000000000e+02,1.800000000000000000e+01,1.150000000000000000e+02
1.000000000000000000e+00,2.000000000000000000e+00,0.000000000000000000e+00,1.600000000000000000e+01,9.000000000000000000e+00,3.000000000000000000e+00,0.000000000000000000e+00,9.000000000000000000e+00,8.000000000000000000e+00,6.140000000000000000e+02,4.400000000000000000e+01
0.000000000000000000e+00,0.000000000000000000e+00,0.000000000000000000e+00,0.000000000000000000e+00,0.000000000000000000e+00,0.000000000000000000e+00,0.000000000000000000e+00,0.000000000000000000e+00,0.000000000000000000e+00,0.000000000000000000e+00,0.000000000000000000e+00
2.560000000000000000e+02,8.000000000000000000e+00,2.000000000000000000e+00,1.000000000000000000e+00,1.000000000000000000e+00,0.000000000000000000e+00,8.000000000000000000e+00,0.000000000000000000e+00,4.000000000000000000e+00,0.000000000000000000e+00,1.400000000000000000e+01
1.000000000000000000e+00,3.070000000000000000e+02,2.000000000000000000e+00,1.000000000000000000e+00,0.000000000000000000e+00,1.000000000000000000e+00,2.000000000000000000e+00,0.000000000000000000e+00,0.000000000000000000e+00,0.000000000000000000e+00,2.700000000000000000e+01
0.000000000000000000e+00,0.000000000000000000e+00,2.350000000000000000e+02,2.200000000000000000e+01,1.000000000000000000e+00,0.000000000000000000e+00,1.000000000000000000e+00,4.000000000000000000e+00,1.000000000000000000e+00,2.000000000000000000e+00,4.400000000000000000e+01
0.000000000000000000e+00,0.000000000000000000e+00,5.000000000000000000e+00,2.620000000000000000e+02,0.000000000000000000e+00,1.000000000000000000e+01,0.000000000000000000e+00,7.000000000000000000e+00,3.000000000000000000e+00,2.000000000000000000e+00,1.400000000000000000e+01
0.000000000000000000e+00,0.000000000000000000e+00,0.000000000000000000e+00,0.000000000000000000e+00,2.310000000000000000e+02,0.000000000000000000e+00,4.000000000000000000e+00,1.000000000000000000e+00,1.000000000000000000e+00,3.000000000000000000e+01,2.800000000000000000e+01
0.000000000000000000e+00,1.000000000000000000e+00,1.000000000000000000e+00,2.200000000000000000e+01,0.000000000000000000e+00,2.250000000000000000e+02,1.000000000000000000e+00,0.000000000000000000e+00,1.000000000000000000e+00,4.000000000000000000e+00,1.300000000000000000e+01
4.000000000000000000e+00,2.000000000000000000e+00,1.000000000000000000e+00,0.000000000000000000e+00,0.000000000000000000e+00,0.000000000000000000e+00,2.680000000000000000e+02,0.000000000000000000e+00,1.000000000000000000e+00,0.000000000000000000e+00,1.200000000000000000e+01
0.000000000000000000e+00,0.000000000000000000e+00,1.000000000000000000e+00,5.000000000000000000e+00,5.000000000000000000e+00,0.000000000000000000e+00,0.000000000000000000e+00,2.490000000000000000e+02,0.000000000000000000e+00,2.200000000000000000e+01,2.700000000000000000e+01
2.900000000000000000e+01,1.000000000000000000e+00,2.000000000000000000e+00,1.000000000000000000e+00,0.000000000000000000e+00,1.000000000000000000e+00,3.000000000000000000e+00,1.000000000000000000e+00,1.830000000000000000e+02,7.000000000000000000e+00,6.500000000000000000e+01
0.000000000000000000e+00,1.000000000000000000e+00,0.000000000000000000e+00,2.000000000000000000e+00,1.000000000000000000e+00,1.000000000000000000e+00,0.000000000000000000e+00,4.000000000000000000e+00,3.000000000000000000e+00,2.750000000000000000e+02,1.600000000000000000e+01
7.130000000000000000e+02,5.850000000000000000e+02,1.732000000000000000e+03,1.078000000000000000e+03,3.777000000000000000e+03,4.003000000000000000e+03,3.546000000000000000e+03,6.100000000000000000e+01,5.110000000000000000e+02,6.130000000000000000e+02,9.764000000000000000e+03
