6.860000000000000000e+02,0.000000000000000000e+00,0.000000000000000000e+00,0.000000000000000000e+00,0.000000000000000000e+00,0.000000000000000000e+00,0.000000000000000000e+00,0.000000000000000000e+00,0.000000000000000000e+00,0.000000000000000000e+00,0.000000000000000000e+00
3.000000000000000000e+00,7.910000000000000000e+02,0.000000000000000000e+00,0.000000000000000000e+00,0.000000000000000000e+00,0.000000000000000000e+00,0.000000000000000000e+00,0.000000000000000000e+00,0.000000000000000000e+00,0.000000000000000000e+00,0.000000000000000000e+00
0.000000000000000000e+00,5.000000000000000000e+00,7.170000000000000000e+02,0.000000000000000000e+00,0.000000000000000000e+00,0.000000000000000000e+00,0.000000000000000000e+00,0.000000000000000000e+00,0.000000000000000000e+00,0.000000000000000000e+00,0.000000000000000000e+00
1.000000000000000000e+00,0.000000000000000000e+00,7.000000000000000000e+00,6.990000000000000000e+02,0.000000000000000000e+00,0.000000000000000000e+00,0.000000000000000000e+00,0.000000000000000000e+00,0.000000000000000000e+00,0.000000000000000000e+00,0.000000000000000000e+00
0.000000000000000000e+00,0.000000000000000000e+00,7.000000000000000000e+00,1.000000000000000000e+00,6.790000000000000000e+02,0.000000000000000000e+00,0.000000000000000000e+00,0.000000000000000000e+00,0.000000000000000000e+00,0.000000000000000000e+00,0.000000000000000000e+00
1.000000000000000000e+00,2.000000000000000000e+00,2.000000000000000000e+00,1.600000000000000000e+01,0.000000000000000000e+00,6.030000000000000000e+02,0.000000000000000000e+00,0.000000000000000000e+00,0.000000000000000000e+00,0.000000000000000000e+00,0.000000000000000000e+00
1.200000000000000000e+01,5.000000000000000000e+00,4.000000000000000000e+00,0.000000000000000000e+00,1.000000000000000000e+00,2.000000000000000000e+00,6.460000000000000000e+02,0.000000000000000000e+00,0.000000000000000000e+00,0.000000000000000000e+00,0.000000000000000000e+00
0.000000000000000000e+00,3.000000000000000000e+00,1.300000000000000000e+01,1.000000000000000000e+01,8.000000000000000000e+00,3.000000000000000000e+00,0.000000000000000000e+00,6.820000000000000000e+02,0.000000000000000000e+00,0.000000000000000000e+00,0.000000000000000000e+00
3.000000000000000000e+01,6.000000000000000000e+00,6.000000000000000000e+00,4.000000000000000000e+00,2.000000000000000000e+00,4.000000000000000000e+00,1.200000000000000000e+01,2.000000000000000000e+00,6.150000000000000000e+02,0.000000000000000000e+00,0.000000000000000000e+00
2.000000000000000000e+00,5.000000000000000000e+00,1.000000000000000000e+00,8.000000000000000000e+00,1.900000000000000000e+01,1.100000000000000000e+01,0.000000000000000000e+00,2.400000000000000000e+01,6.000000000000000000e+00,6.300000000000000000e+02,0.000000000000000000e+00
0.000000000000000000e+00,0.000000000000000000e+00,0.000000000000000000e+00,0.000000000000000000e+00,0.000000000000000000e+00,0.000000000000000000e+00,0.000000000000000000e+00,0.000000000000000000e+00,0.000000000000000000e+00,0.000000000000000000e+00,0.000000000000000000e+00
2.840000000000000000e+02,1.000000000000000000e+00,2.000000000000000000e+00,0.000000000000000000e+00,0.000000000000000000e+00,0.000000000000000000e+00,7.000000000000000000e+00,0.000000000000000000e+00,0.000000000000000000e+00,0.000000000000000000e+00,0.000000000000000000e+00
2.000000000000000000e+00,3.330000000000000000e+02,2.000000000000000000e+00,0.000000000000000000e+00,0.000000000000000000e+00,0.000000000000000000e+00,2.000000000000000000e+00,2.000000000000000000e+00,0.000000000000000000e+00,0.000000000000000000e+00,0.000000000000000000e+00
2.000000000000000000e+00,5.000000000000000000e+00,2.980000000000000000e+02,1.000000000000000000e+00,0.000000000000000000e+00,0.000000000000000000e+00,2.000000000000000000e+00,1.000000000000000000e+00,1.000000000000000000e+00,0.000000000000000000e+00,0.000000000000000000e+00
0.000000000000000000e+00,0.000000000000000000e+00,1.100000000000000000e+01,2.760000000000000000e+02,1.000000000000000000e+00,7.000000000000000000e+00,0.000000000000000000e+00,4.000000000000000000e+00,3.000000000000000000e+00,1.000000000000000000e+00,0.000000000000000000e+00
1.000000000000000000e+00,3.000000000000000000e+00,0.000000000000000000e+00,0.000000000000000000e+00,2.800000000000000000e+02,0.000000000000000000e+00,0.000000000000000000e+00,3.000000000000000000e+00,3.000000000000000000e+00,5.000000000000000000e+00,0.000000000000000000e+00
0.000000000000000000e+00,1.000000000000000000e+00,3.000000000000000000e+00,2.000000000000000000e+01,3.000000000000000000e+00,2.360000000000000000e+02,1.000000000000000000e+00,0.000000000000000000e+00,2.000000000000000000e+00,2.000000000000000000e+00,0.000000000000000000e+00
3.000000000000000000e+00,5.000000000000000000e+00,1.000000000000000000e+00,1.000000000000000000e+00,0.000000000000000000e+00,1.000000000000000000e+00,2.750000000000000000e+02,0.000000000000000000e+00,2.000000000000000000e+00,0.000000000000000000e+00,0.000000000000000000e+00
0.000000000000000000e+00,0.000000000000000000e+00,6.000000000000000000e+00,7.000000000000000000e+00,3.000000000000000000e+00,0.000000000000000000e+00,0.000000000000000000e+00,2.880000000000000000e+02,0.000000000000000000e+00,5.000000000000000000e+00,0.000000000000000000e+00
2.000000000000000000e+01,1.000000000000000000e+01,3.000000000000000000e+00,3.000000000000000000e+00,2.000000000000000000e+00,9.000000000000000000e+00,2.000000000000000000e+00,2.000000000000000000e+00,2.410000000000000000e+02,1.000000000000000000e+00,0.000000000000000000e+00
1.000000000000000000e+00,4.000000000000000000e+00,2.000000000000000000e+00,4.000000000000000000e+00,1.100000000000000000e+01,0.000000000000000000e+00,0.000000000000000000e+00,1.300000000000000000e+01,4.000000000000000000e+00,2.640000000000000000e+02,0.000000000000000000e+00
2.013000000000000000e+03,3.677000000000000000e+03,3.889000000000000000e+03,1.679000000000000000e+03,4.126000000000000000e+03,3.663000000000000000e+03,5.411000000000000000e+03,3.380000000000000000e+02,1.079000000000000000e+03,5.080000000000000000e+02,0.000000000000000000e+00
