4.720000000000000000e+02,3.000000000000000000e+00,0.000000000000000000e+00,1.000000000000000000e+00,0.000000000000000000e+00,1.000000000000000000e+00,6.000000000000000000e+00,1.000000000000000000e+00,6.000000000000000000e+00,0.000000000000000000e+00
3.000000000000000000e+00,5.540000000000000000e+02,4.000000000000000000e+00,0.000000000000000000e+00,0.000000000000000000e+00,2.000000000000000000e+00,2.000000000000000000e+00,0.000000000000000000e+00,0.000000000000000000e+00,2.000000000000000000e+00
1.000000000000000000e+00,1.000000000000000000e+00,4.950000000000000000e+02,7.000000000000000000e+00,2.000000000000000000e+00,0.000000000000000000e+00,2.000000000000000000e+00,5.000000000000000000e+00,3.000000000000000000e+00,0.000000000000000000e+00
0.000000000000000000e+00,0.000000000000000000e+00,4.000000000000000000e+00,4.860000000000000000e+02,0.000000000000000000e+00,8.000000000000000000e+00,1.000000000000000000e+00,5.000000000000000000e+00,1.000000000000000000e+00,0.000000000000000000e+00
1.000000000000000000e+00,3.000000000000000000e+00,4.000000000000000000e+00,0.000000000000000000e+00,4.620000000000000000e+02,0.000000000000000000e+00,3.000000000000000000e+00,0.000000000000000000e+00,4.000000000000000000e+00,1.400000000000000000e+01
2.000000000000000000e+00,1.000000000000000000e+00,0.000000000000000000e+00,1.300000000000000000e+01,2.000000000000000000e+00,4.210000000000000000e+02,2.000000000000000000e+00,0.000000000000000000e+00,2.000000000000000000e+00,3.000000000000000000e+00
5.000000000000000000e+00,3.000000000000000000e+00,1.000000000000000000e+00,1.000000000000000000e+00,0.000000000000000000e+00,2.000000000000000000e+00,4.660000000000000000e+02,0.000000000000000000e+00,1.000000000000000000e+00,0.000000000000000000e+00
0.000000000000000000e+00,2.000000000000000000e+00,9.000000000000000000e+00,3.000000000000000000e+00,7.000000000000000000e+00,1.000000000000000000e+00,0.000000000000000000e+00,4.670000000000000000e+02,0.000000000000000000e+00,2.500000000000000000e+01
2.000000000000000000e+01,1.000000000000000000e+00,7.000000000000000000e+00,2.000000000000000000e+00,0.000000000000000000e+00,1.000000000000000000e+00,9.000000000000000000e+00,0.000000000000000000e+00,4.420000000000000000e+02,5.000000000000000000e+00
0.000000000000000000e+00,2.000000000000000000e+00,0.000000000000000000e+00,1.100000000000000000e+01,9.000000000000000000e+00,5.000000000000000000e+00,0.000000000000000000e+00,9.000000000000000000e+00,3.000000000000000000e+00,4.650000000000000000e+02
4.640000000000000000e+02,6.000000000000000000e+00,4.000000000000000000e+00,1.000000000000000000e+00,0.000000000000000000e+00,0.000000000000000000e+00,1.000000000000000000e+01,0.000000000000000000e+00,5.000000000000000000e+00,0.000000000000000000e+00
1.000000000000000000e+00,5.520000000000000000e+02,3.000000000000000000e+00,1.000000000000000000e+00,3.000000000000000000e+00,1.000000000000000000e+00,3.000000000000000000e+00,1.000000000000000000e+00,2.000000000000000000e+00,1.000000000000000000e+00
0.000000000000000000e+00,1.000000000000000000e+00,4.780000000000000000e+02,2.000000000000000000e+01,1.000000000000000000e+00,1.000000000000000000e+00,2.000000000000000000e+00,7.000000000000000000e+00,2.000000000000000000e+00,4.000000000000000000e+00
0.000000000000000000e+00,0.000000000000000000e+00,1.300000000000000000e+01,4.610000000000000000e+02,1.000000000000000000e+00,1.500000000000000000e+01,0.000000000000000000e+00,8.000000000000000000e+00,6.000000000000000000e+00,1.000000000000000000e+00
1.000000000000000000e+00,5.000000000000000000e+00,3.000000000000000000e+00,2.000000000000000000e+00,4.320000000000000000e+02,0.000000000000000000e+00,2.000000000000000000e+00,5.000000000000000000e+00,7.000000000000000000e+00,3.400000000000000000e+01
0.000000000000000000e+00,1.000000000000000000e+00,2.000000000000000000e+00,1.100000000000000000e+01,3.000000000000000000e+00,4.140000000000000000e+02,5.000000000000000000e+00,0.000000000000000000e+00,6.000000000000000000e+00,4.000000000000000000e+00
6.000000000000000000e+00,7.000000000000000000e+00,2.000000000000000000e+00,3.000000000000000000e+00,0.000000000000000000e+00,0.000000000000000000e+00,4.580000000000000000e+02,0.000000000000000000e+00,3.000000000000000000e+00,0.000000000000000000e+00
0.000000000000000000e+00,1.000000000000000000e+00,6.000000000000000000e+00,5.000000000000000000e+00,7.000000000000000000e+00,0.000000000000000000e+00,0.000000000000000000e+00,4.640000000000000000e+02,0.000000000000000000e+00,3.100000000000000000e+01
2.300000000000000000e+01,9.000000000000000000e+00,5.000000000000000000e+00,2.000000000000000000e+00,2.000000000000000000e+00,3.000000000000000000e+00,1.200000000000000000e+01,2.000000000000000000e+00,4.230000000000000000e+02,6.000000000000000000e+00
2.000000000000000000e+00,3.000000000000000000e+00,3.000000000000000000e+00,3.000000000000000000e+00,9.000000000000000000e+00,3.000000000000000000e+00,0.000000000000000000e+00,1.400000000000000000e+01,1.000000000000000000e+01,4.580000000000000000e+02
