6.100000000000000000e+02,1.200000000000000000e+01,5.000000000000000000e+00,4.000000000000000000e+00,1.000000000000000000e+00,0.000000000000000000e+00,1.800000000000000000e+01,0.000000000000000000e+00,3.400000000000000000e+01,2.000000000000000000e+00
7.000000000000000000e+00,7.220000000000000000e+02,1.400000000000000000e+01,4.000000000000000000e+00,5.000000000000000000e+00,5.000000000000000000e+00,2.400000000000000000e+01,0.000000000000000000e+00,6.000000000000000000e+00,7.000000000000000000e+00
3.000000000000000000e+00,2.000000000000000000e+00,5.560000000000000000e+02,8.900000000000000000e+01,9.000000000000000000e+00,3.000000000000000000e+00,6.000000000000000000e+00,3.600000000000000000e+01,8.000000000000000000e+00,1.000000000000000000e+01
1.000000000000000000e+00,0.000000000000000000e+00,7.000000000000000000e+00,6.560000000000000000e+02,0.000000000000000000e+00,1.600000000000000000e+01,0.000000000000000000e+00,1.800000000000000000e+01,5.000000000000000000e+00,4.000000000000000000e+00
0.000000000000000000e+00,3.000000000000000000e+00,2.000000000000000000e+00,2.000000000000000000e+00,5.490000000000000000e+02,1.000000000000000000e+00,1.600000000000000000e+01,2.000000000000000000e+00,5.000000000000000000e+00,1.070000000000000000e+02
8.000000000000000000e+00,1.000000000000000000e+00,2.000000000000000000e+00,7.700000000000000000e+01,7.000000000000000000e+00,4.980000000000000000e+02,5.000000000000000000e+00,1.000000000000000000e+00,1.100000000000000000e+01,1.400000000000000000e+01
1.300000000000000000e+01,1.300000000000000000e+01,1.200000000000000000e+01,3.000000000000000000e+00,7.000000000000000000e+00,4.000000000000000000e+00,6.120000000000000000e+02,0.000000000000000000e+00,6.000000000000000000e+00,0.000000000000000000e+00
0.000000000000000000e+00,7.000000000000000000e+00,1.400000000000000000e+01,1.600000000000000000e+01,1.800000000000000000e+01,2.000000000000000000e+00,0.000000000000000000e+00,5.710000000000000000e+02,3.000000000000000000e+00,8.800000000000000000e+01
1.300000000000000000e+02,1.200000000000000000e+01,6.000000000000000000e+00,4.000000000000000000e+00,1.200000000000000000e+01,4.000000000000000000e+00,3.400000000000000000e+01,6.000000000000000000e+00,4.490000000000000000e+02,2.400000000000000000e+01
2.000000000000000000e+00,6.000000000000000000e+00,2.000000000000000000e+00,2.500000000000000000e+01,1.700000000000000000e+01,6.000000000000000000e+00,0.000000000000000000e+00,1.000000000000000000e+01,2.100000000000000000e+01,6.170000000000000000e+02
2.530000000000000000e+02,9.000000000000000000e+00,4.000000000000000000e+00,2.000000000000000000e+00,1.000000000000000000e+00,0.000000000000000000e+00,1.000000000000000000e+01,0.000000000000000000e+00,1.500000000000000000e+01,0.000000000000000000e+00
6.000000000000000000e+00,3.060000000000000000e+02,5.000000000000000000e+00,3.000000000000000000e+00,2.000000000000000000e+00,1.000000000000000000e+00,1.200000000000000000e+01,2.000000000000000000e+00,4.000000000000000000e+00,0.000000000000000000e+00
0.000000000000000000e+00,1.000000000000000000e+00,2.330000000000000000e+02,4.600000000000000000e+01,6.000000000000000000e+00,4.000000000000000000e+00,2.000000000000000000e+00,1.100000000000000000e+01,2.000000000000000000e+00,5.000000000000000000e+00
0.000000000000000000e+00,0.000000000000000000e+00,5.000000000000000000e+00,2.650000000000000000e+02,1.000000000000000000e+00,1.200000000000000000e+01,0.000000000000000000e+00,7.000000000000000000e+00,8.000000000000000000e+00,5.000000000000000000e+00
0.000000000000000000e+00,3.000000000000000000e+00,0.000000000000000000e+00,1.000000000000000000e+00,2.350000000000000000e+02,0.000000000000000000e+00,7.000000000000000000e+00,1.000000000000000000e+00,5.000000000000000000e+00,4.300000000000000000e+01
1.000000000000000000e+00,1.000000000000000000e+00,1.000000000000000000e+00,3.500000000000000000e+01,2.000000000000000000e+00,2.170000000000000000e+02,1.000000000000000000e+00,0.000000000000000000e+00,3.000000000000000000e+00,7.000000000000000000e+00
9.000000000000000000e+00,3.000000000000000000e+00,4.000000000000000000e+00,0.000000000000000000e+00,0.000000000000000000e+00,1.000000000000000000e+00,2.690000000000000000e+02,0.000000000000000000e+00,2.000000000000000000e+00,0.000000000000000000e+00
0.000000000000000000e+00,1.000000000000000000e+00,2.000000000000000000e+00,8.000000000000000000e+00,1.000000000000000000e+01,0.000000000000000000e+00,0.000000000000000000e+00,2.520000000000000000e+02,0.000000000000000000e+00,3.600000000000000000e+01
5.400000000000000000e+01,8.000000000000000000e+00,4.000000000000000000e+00,2.000000000000000000e+00,2.000000000000000000e+00,4.000000000000000000e+00,1.100000000000000000e+01,2.000000000000000000e+00,1.960000000000000000e+02,1.000000000000000000e+01
0.000000000000000000e+00,2.000000000000000000e+00,2.000000000000000000e+00,3.000000000000000000e+00,3.000000000000000000e+00,2.000000000000000000e+00,1.000000000000000000e+00,3.000000000000000000e+00,7.000000000000000000e+00,2.800000000000000000e+02
