4.630000000000000000e+02,3.000000000000000000e+00,3.000000000000000000e+00,3.000000000000000000e+00,0.000000000000000000e+00,1.000000000000000000e+00,6.000000000000000000e+00,0.000000000000000000e+00,9.000000000000000000e+00,2.000000000000000000e+00
1.000000000000000000e+00,5.490000000000000000e+02,5.000000000000000000e+00,3.000000000000000000e+00,0.000000000000000000e+00,3.000000000000000000e+00,3.000000000000000000e+00,0.000000000000000000e+00,0.000000000000000000e+00,3.000000000000000000e+00
2.000000000000000000e+00,2.000000000000000000e+00,4.840000000000000000e+02,1.200000000000000000e+01,2.000000000000000000e+00,0.000000000000000000e+00,2.000000000000000000e+00,6.000000000000000000e+00,6.000000000000000000e+00,0.000000000000000000e+00
0.000000000000000000e+00,0.000000000000000000e+00,4.000000000000000000e+00,4.840000000000000000e+02,0.000000000000000000e+00,6.000000000000000000e+00,1.000000000000000000e+00,7.000000000000000000e+00,2.000000000000000000e+00,1.000000000000000000e+00
1.000000000000000000e+00,2.000000000000000000e+00,5.000000000000000000e+00,0.000000000000000000e+00,4.480000000000000000e+02,0.000000000000000000e+00,4.000000000000000000e+00,0.000000000000000000e+00,3.000000000000000000e+00,2.800000000000000000e+01
1.000000000000000000e+00,0.000000000000000000e+00,1.000000000000000000e+00,2.000000000000000000e+01,5.000000000000000000e+00,4.100000000000000000e+02,3.000000000000000000e+00,0.000000000000000000e+00,4.000000000000000000e+00,2.000000000000000000e+00
8.000000000000000000e+00,4.000000000000000000e+00,5.000000000000000000e+00,0.000000000000000000e+00,1.000000000000000000e+00,5.000000000000000000e+00,4.530000000000000000e+02,0.000000000000000000e+00,3.000000000000000000e+00,0.000000000000000000e+00
0.000000000000000000e+00,1.000000000000000000e+00,8.000000000000000000e+00,5.000000000000000000e+00,9.000000000000000000e+00,1.000000000000000000e+00,0.000000000000000000e+00,4.640000000000000000e+02,0.000000000000000000e+00,2.600000000000000000e+01
2.800000000000000000e+01,6.000000000000000000e+00,4.000000000000000000e+00,2.000000000000000000e+00,4.000000000000000000e+00,2.000000000000000000e+00,1.000000000000000000e+01,2.000000000000000000e+00,4.200000000000000000e+02,9.000000000000000000e+00
0.000000000000000000e+00,3.000000000000000000e+00,0.000000000000000000e+00,1.700000000000000000e+01,8.000000000000000000e+00,7.000000000000000000e+00,0.000000000000000000e+00,8.000000000000000000e+00,5.000000000000000000e+00,4.560000000000000000e+02
4.580000000000000000e+02,8.000000000000000000e+00,5.000000000000000000e+00,1.000000000000000000e+00,1.000000000000000000e+00,0.000000000000000000e+00,1.000000000000000000e+01,0.000000000000000000e+00,7.000000000000000000e+00,0.000000000000000000e+00
2.000000000000000000e+00,5.450000000000000000e+02,4.000000000000000000e+00,4.000000000000000000e+00,3.000000000000000000e+00,1.000000000000000000e+00,4.000000000000000000e+00,1.000000000000000000e+00,1.000000000000000000e+00,3.000000000000000000e+00
0.000000000000000000e+00,2.000000000000000000e+00,4.740000000000000000e+02,2.200000000000000000e+01,1.000000000000000000e+00,1.000000000000000000e+00,3.000000000000000000e+00,6.000000000000000000e+00,2.000000000000000000e+00,5.000000000000000000e+00
0.000000000000000000e+00,0.000000000000000000e+00,8.000000000000000000e+00,4.700000000000000000e+02,2.000000000000000000e+00,1.000000000000000000e+01,0.000000000000000000e+00,7.000000000000000000e+00,7.000000000000000000e+00,1.000000000000000000e+00
1.000000000000000000e+00,2.000000000000000000e+00,3.000000000000000000e+00,2.000000000000000000e+00,4.240000000000000000e+02,0.000000000000000000e+00,3.000000000000000000e+00,5.000000000000000000e+00,6.000000000000000000e+00,4.500000000000000000e+01
0.000000000000000000e+00,1.000000000000000000e+00,2.000000000000000000e+00,1.700000000000000000e+01,2.000000000000000000e+00,4.080000000000000000e+02,3.000000000000000000e+00,0.000000000000000000e+00,5.000000000000000000e+00,8.000000000000000000e+00
7.000000000000000000e+00,9.000000000000000000e+00,5.000000000000000000e+00,2.000000000000000000e+00,0.000000000000000000e+00,1.000000000000000000e+00,4.500000000000000000e+02,1.000000000000000000e+00,4.000000000000000000e+00,0.000000000000000000e+00
0.000000000000000000e+00,2.000000000000000000e+00,5.000000000000000000e+00,7.000000000000000000e+00,9.000000000000000000e+00,0.000000000000000000e+00,0.000000000000000000e+00,4.610000000000000000e+02,1.000000000000000000e+00,2.900000000000000000e+01
2.500000000000000000e+01,9.000000000000000000e+00,5.000000000000000000e+00,3.000000000000000000e+00,2.000000000000000000e+00,2.000000000000000000e+00,1.700000000000000000e+01,3.000000000000000000e+00,4.100000000000000000e+02,1.100000000000000000e+01
1.000000000000000000e+00,1.000000000000000000e+00,3.000000000000000000e+00,3.000000000000000000e+00,9.000000000000000000e+00,3.000000000000000000e+00,0.000000000000000000e+00,1.100000000000000000e+01,1.200000000000000000e+01,4.620000000000000000e+02
