4.600000000000000000e+02,0.000000000000000000e+00,0.000000000000000000e+00,0.000000000000000000e+00,0.000000000000000000e+00,0.000000000000000000e+00,0.000000000000000000e+00,0.000000000000000000e+00,1.000000000000000000e+00,0.000000000000000000e+00,2.900000000000000000e+01
4.000000000000000000e+00,5.550000000000000000e+02,0.000000000000000000e+00,0.000000000000000000e+00,0.000000000000000000e+00,0.000000000000000000e+00,1.000000000000000000e+00,0.000000000000000000e+00,0.000000000000000000e+00,0.000000000000000000e+00,7.000000000000000000e+00
7.000000000000000000e+00,3.000000000000000000e+00,4.580000000000000000e+02,1.000000000000000000e+00,0.000000000000000000e+00,0.000000000000000000e+00,0.000000000000000000e+00,1.000000000000000000e+00,0.000000000000000000e+00,0.000000000000000000e+00,4.600000000000000000e+01
5.000000000000000000e+00,2.000000000000000000e+00,1.000000000000000000e+01,4.360000000000000000e+02,0.000000000000000000e+00,1.000000000000000000e+00,0.000000000000000000e+00,1.000000000000000000e+00,0.000000000000000000e+00,2.000000000000000000e+00,4.800000000000000000e+01
2.000000000000000000e+00,3.000000000000000000e+00,1.000000000000000000e+00,3.000000000000000000e+00,4.340000000000000000e+02,1.000000000000000000e+00,1.000000000000000000e+00,0.000000000000000000e+00,0.000000000000000000e+00,1.000000000000000000e+00,4.500000000000000000e+01
2.000000000000000000e+00,2.000000000000000000e+00,1.000000000000000000e+00,1.900000000000000000e+01,2.000000000000000000e+00,3.860000000000000000e+02,0.000000000000000000e+00,0.000000000000000000e+00,0.000000000000000000e+00,0.000000000000000000e+00,3.400000000000000000e+01
5.000000000000000000e+00,2.000000000000000000e+00,9.000000000000000000e+00,1.000000000000000000e+00,3.000000000000000000e+00,0.000000000000000000e+00,4.320000000000000000e+02,0.000000000000000000e+00,2.000000000000000000e+00,0.000000000000000000e+00,2.500000000000000000e+01
0.000000000000000000e+00,2.000000000000000000e+00,6.000000000000000000e+00,6.000000000000000000e+00,5.000000000000000000e+00,1.000000000000000000e+00,0.000000000000000000e+00,4.570000000000000000e+02,0.000000000000000000e+00,3.000000000000000000e+00,3.400000000000000000e+01
1.200000000000000000e+01,5.000000000000000000e+00,3.000000000000000000e+00,0.000000000000000000e+00,0.000000000000000000e+00,1.000000000000000000e+00,7.000000000000000000e+00,2.000000000000000000e+00,3.980000000000000000e+02,0.000000000000000000e+00,5.900000000000000000e+01
2.000000000000000000e+00,1.000000000000000000e+00,3.000000000000000000e+00,4.000000000000000000e+00,1.700000000000000000e+01,1.000000000000000000e+00,2.000000000000000000e+00,1.800000000000000000e+01,5.000000000000000000e+00,4.070000000000000000e+02,4.400000000000000000e+01
0.000000000000000000e+00,0.000000000000000000e+00,0.000000000000000000e+00,0.000000000000000000e+00,0.000000000000000000e+00,0.000000000000000000e+00,0.000000000000000000e+00,0.000000000000000000e+00,0.000000000000000000e+00,0.000000000000000000e+00,0.000000000000000000e+00
4.030000000000000000e+02,3.000000000000000000e+00,4.000000000000000000e+00,1.000000000000000000e+00,2.000000000000000000e+00,0.000000000000000000e+00,1.100000000000000000e+01,1.000000000000000000e+00,1.100000000000000000e+01,0.000000000000000000e+00,5.400000000000000000e+01
5.000000000000000000e+00,5.190000000000000000e+02,3.000000000000000000e+00,1.000000000000000000e+00,0.000000000000000000e+00,2.000000000000000000e+00,4.000000000000000000e+00,2.000000000000000000e+00,1.000000000000000000e+00,4.000000000000000000e+00,2.700000000000000000e+01
1.100000000000000000e+01,7.000000000000000000e+00,3.640000000000000000e+02,1.500000000000000000e+01,7.000000000000000000e+00,4.000000000000000000e+00,0.000000000000000000e+00,8.000000000000000000e+00,1.000000000000000000e+00,1.000000000000000000e+00,9.800000000000000000e+01
5.000000000000000000e+00,0.000000000000000000e+00,3.400000000000000000e+01,3.210000000000000000e+02,2.000000000000000000e+00,1.100000000000000000e+01,1.000000000000000000e+00,9.000000000000000000e+00,5.000000000000000000e+00,6.000000000000000000e+00,1.110000000000000000e+02
9.000000000000000000e+00,8.000000000000000000e+00,3.000000000000000000e+00,9.000000000000000000e+00,3.700000000000000000e+02,2.000000000000000000e+00,4.000000000000000000e+00,5.000000000000000000e+00,3.000000000000000000e+00,9.000000000000000000e+00,6.900000000000000000e+01
2.000000000000000000e+00,2.000000000000000000e+00,8.000000000000000000e+00,5.100000000000000000e+01,4.000000000000000000e+00,2.960000000000000000e+02,1.000000000000000000e+00,2.000000000000000000e+00,6.000000000000000000e+00,2.000000000000000000e+00,7.200000000000000000e+01
1.500000000000000000e+01,1.400000000000000000e+01,1.800000000000000000e+01,2.000000000000000000e+00,7.000000000000000000e+00,2.000000000000000000e+00,3.720000000000000000e+02,0.000000000000000000e+00,3.000000000000000000e+00,0.000000000000000000e+00,4.600000000000000000e+01
1.000000000000000000e+00,3.000000000000000000e+00,7.000000000000000000e+00,2.300000000000000000e+01,1.300000000000000000e+01,5.000000000000000000e+00,3.000000000000000000e+00,3.690000000000000000e+02,5.000000000000000000e+00,3.000000000000000000e+00,8.200000000000000000e+01
2.700000000000000000e+01,1.200000000000000000e+01,6.000000000000000000e+00,2.000000000000000000e+00,3.000000000000000000e+00,1.500000000000000000e+01,2.300000000000000000e+01,7.000000000000000000e+00,2.880000000000000000e+02,4.000000000000000000e+00,1.000000000000000000e+02
2.000000000000000000e+00,3.000000000000000000e+00,4.000000000000000000e+00,1.000000000000000000e+00,5.000000000000000000e+01,5.000000000000000000e+00,0.000000000000000000e+00,2.800000000000000000e+01,2.000000000000000000e+01,3.000000000000000000e+02,9.200000000000000000e+01
4.753000000000000000e+03,5.710000000000000000e+03,2.526000000000000000e+03,1.195000000000000000e+03,2.413000000000000000e+03,1.132000000000000000e+03,2.425000000000000000e+03,7.720000000000000000e+02,6.290000000000000000e+02,3.460000000000000000e+02,4.482000000000000000e+03
