6.790000000000000000e+02,0.000000000000000000e+00,0.000000000000000000e+00,0.000000000000000000e+00,1.000000000000000000e+00,0.000000000000000000e+00,0.000000000000000000e+00,0.000000000000000000e+00,1.000000000000000000e+00,0.000000000000000000e+00,5.000000000000000000e+00
8.000000000000000000e+00,7.800000000000000000e+02,2.000000000000000000e+00,0.000000000000000000e+00,0.000000000000000000e+00,0.000000000000000000e+00,0.000000000000000000e+00,0.000000000000000000e+00,0.000000000000000000e+00,0.000000000000000000e+00,4.000000000000000000e+00
7.000000000000000000e+00,8.000000000000000000e+00,7.000000000000000000e+02,0.000000000000000000e+00,0.000000000000000000e+00,0.000000000000000000e+00,0.000000000000000000e+00,0.000000000000000000e+00,0.000000000000000000e+00,0.000000000000000000e+00,7.000000000000000000e+00
1.000000000000000000e+00,0.000000000000000000e+00,3.500000000000000000e+01,6.630000000000000000e+02,0.000000000000000000e+00,0.000000000000000000e+00,0.000000000000000000e+00,1.000000000000000000e+00,0.000000000000000000e+00,1.000000000000000000e+00,6.000000000000000000e+00
5.000000000000000000e+00,5.000000000000000000e+00,1.000000000000000000e+01,2.000000000000000000e+00,6.570000000000000000e+02,0.000000000000000000e+00,1.000000000000000000e+00,0.000000000000000000e+00,0.000000000000000000e+00,1.000000000000000000e+00,6.000000000000000000e+00
3.000000000000000000e+00,3.000000000000000000e+00,5.000000000000000000e+00,2.500000000000000000e+01,7.000000000000000000e+00,5.750000000000000000e+02,0.000000000000000000e+00,0.000000000000000000e+00,0.000000000000000000e+00,0.000000000000000000e+00,6.000000000000000000e+00
2.400000000000000000e+01,9.000000000000000000e+00,7.000000000000000000e+00,1.000000000000000000e+00,4.000000000000000000e+00,6.000000000000000000e+00,6.100000000000000000e+02,0.000000000000000000e+00,1.000000000000000000e+00,0.000000000000000000e+00,8.000000000000000000e+00
3.000000000000000000e+00,7.000000000000000000e+00,1.000000000000000000e+01,1.800000000000000000e+01,9.000000000000000000e+00,9.000000000000000000e+00,1.000000000000000000e+00,6.550000000000000000e+02,0.000000000000000000e+00,0.000000000000000000e+00,7.000000000000000000e+00
3.400000000000000000e+01,1.000000000000000000e+01,1.100000000000000000e+01,5.000000000000000000e+00,2.000000000000000000e+00,1.200000000000000000e+01,1.000000000000000000e+01,2.000000000000000000e+00,5.870000000000000000e+02,0.000000000000000000e+00,8.000000000000000000e+00
8.000000000000000000e+00,1.200000000000000000e+01,6.000000000000000000e+00,6.000000000000000000e+00,3.100000000000000000e+01,4.000000000000000000e+00,2.000000000000000000e+00,4.200000000000000000e+01,1.400000000000000000e+01,5.740000000000000000e+02,7.000000000000000000e+00
0.000000000000000000e+00,0.000000000000000000e+00,0.000000000000000000e+00,0.000000000000000000e+00,0.000000000000000000e+00,0.000000000000000000e+00,0.000000000000000000e+00,0.000000000000000000e+00,0.000000000000000000e+00,0.000000000000000000e+00,0.000000000000000000e+00
2.660000000000000000e+02,3.000000000000000000e+00,1.000000000000000000e+00,0.000000000000000000e+00,2.000000000000000000e+00,1.000000000000000000e+00,2.000000000000000000e+00,1.000000000000000000e+00,4.000000000000000000e+00,0.000000000000000000e+00,1.400000000000000000e+01
1.300000000000000000e+01,3.100000000000000000e+02,3.000000000000000000e+00,0.000000000000000000e+00,2.000000000000000000e+00,1.000000000000000000e+00,1.000000000000000000e+00,0.000000000000000000e+00,4.000000000000000000e+00,0.000000000000000000e+00,7.000000000000000000e+00
8.000000000000000000e+00,6.000000000000000000e+00,2.620000000000000000e+02,1.100000000000000000e+01,1.000000000000000000e+00,0.000000000000000000e+00,1.000000000000000000e+00,0.000000000000000000e+00,1.000000000000000000e+00,2.000000000000000000e+00,1.800000000000000000e+01
2.000000000000000000e+00,5.000000000000000000e+00,3.200000000000000000e+01,2.340000000000000000e+02,1.000000000000000000e+00,2.000000000000000000e+00,0.000000000000000000e+00,4.000000000000000000e+00,5.000000000000000000e+00,0.000000000000000000e+00,1.800000000000000000e+01
7.000000000000000000e+00,4.000000000000000000e+00,1.100000000000000000e+01,4.000000000000000000e+00,2.420000000000000000e+02,1.000000000000000000e+00,1.000000000000000000e+00,6.000000000000000000e+00,5.000000000000000000e+00,6.000000000000000000e+00,8.000000000000000000e+00
4.000000000000000000e+00,7.000000000000000000e+00,9.000000000000000000e+00,2.900000000000000000e+01,1.300000000000000000e+01,1.930000000000000000e+02,1.000000000000000000e+00,0.000000000000000000e+00,1.000000000000000000e+00,3.000000000000000000e+00,8.000000000000000000e+00
3.100000000000000000e+01,9.000000000000000000e+00,6.000000000000000000e+00,1.000000000000000000e+00,4.000000000000000000e+00,5.000000000000000000e+00,2.270000000000000000e+02,0.000000000000000000e+00,2.000000000000000000e+00,0.000000000000000000e+00,3.000000000000000000e+00
4.000000000000000000e+00,6.000000000000000000e+00,1.200000000000000000e+01,1.500000000000000000e+01,8.000000000000000000e+00,5.000000000000000000e+00,1.000000000000000000e+00,2.420000000000000000e+02,0.000000000000000000e+00,6.000000000000000000e+00,1.000000000000000000e+01
3.300000000000000000e+01,1.700000000000000000e+01,1.800000000000000000e+01,6.000000000000000000e+00,6.000000000000000000e+00,1.100000000000000000e+01,5.000000000000000000e+00,3.000000000000000000e+00,1.840000000000000000e+02,3.000000000000000000e+00,7.000000000000000000e+00
5.000000000000000000e+00,1.000000000000000000e+01,3.000000000000000000e+00,3.000000000000000000e+00,3.500000000000000000e+01,6.000000000000000000e+00,4.000000000000000000e+00,3.300000000000000000e+01,1.800000000000000000e+01,1.790000000000000000e+02,7.000000000000000000e+00
3.566000000000000000e+03,7.403000000000000000e+03,6.351000000000000000e+03,9.130000000000000000e+02,1.954000000000000000e+03,2.217000000000000000e+03,1.361000000000000000e+03,3.940000000000000000e+02,5.370000000000000000e+02,2.920000000000000000e+02,1.395000000000000000e+03
