4.610000000000000000e+02,1.000000000000000000e+00,3.000000000000000000e+00,0.000000000000000000e+00,0.000000000000000000e+00,2.000000000000000000e+00,9.000000000000000000e+00,1.000000000000000000e+00,1.200000000000000000e+01,1.000000000000000000e+00
1.000000000000000000e+01,5.310000000000000000e+02,4.000000000000000000e+00,5.000000000000000000e+00,3.000000000000000000e+00,1.000000000000000000e+00,2.000000000000000000e+00,1.000000000000000000e+00,8.000000000000000000e+00,2.000000000000000000e+00
5.000000000000000000e+00,2.000000000000000000e+00,4.740000000000000000e+02,1.200000000000000000e+01,2.000000000000000000e+00,4.000000000000000000e+00,7.000000000000000000e+00,5.000000000000000000e+00,4.000000000000000000e+00,1.000000000000000000e+00
0.000000000000000000e+00,0.000000000000000000e+00,1.200000000000000000e+01,4.700000000000000000e+02,0.000000000000000000e+00,1.200000000000000000e+01,2.000000000000000000e+00,3.000000000000000000e+00,2.000000000000000000e+00,4.000000000000000000e+00
0.000000000000000000e+00,0.000000000000000000e+00,5.000000000000000000e+00,0.000000000000000000e+00,4.570000000000000000e+02,2.000000000000000000e+00,5.000000000000000000e+00,3.000000000000000000e+00,1.000000000000000000e+00,1.800000000000000000e+01
0.000000000000000000e+00,1.000000000000000000e+00,4.000000000000000000e+00,1.900000000000000000e+01,2.000000000000000000e+00,4.030000000000000000e+02,4.000000000000000000e+00,4.000000000000000000e+00,5.000000000000000000e+00,4.000000000000000000e+00
8.000000000000000000e+00,2.000000000000000000e+00,3.000000000000000000e+00,1.000000000000000000e+00,7.000000000000000000e+00,5.000000000000000000e+00,4.430000000000000000e+02,0.000000000000000000e+00,9.000000000000000000e+00,1.000000000000000000e+00
0.000000000000000000e+00,3.000000000000000000e+00,1.300000000000000000e+01,8.000000000000000000e+00,3.000000000000000000e+00,3.000000000000000000e+00,1.000000000000000000e+00,4.720000000000000000e+02,2.000000000000000000e+00,9.000000000000000000e+00
1.100000000000000000e+01,6.000000000000000000e+00,7.000000000000000000e+00,1.000000000000000000e+00,2.000000000000000000e+00,6.000000000000000000e+00,6.000000000000000000e+00,1.000000000000000000e+00,4.380000000000000000e+02,9.000000000000000000e+00
2.000000000000000000e+00,0.000000000000000000e+00,4.000000000000000000e+00,5.000000000000000000e+00,1.000000000000000000e+01,4.000000000000000000e+00,3.000000000000000000e+00,2.100000000000000000e+01,9.000000000000000000e+00,4.460000000000000000e+02
4.080000000000000000e+02,2.000000000000000000e+00,8.000000000000000000e+00,1.000000000000000000e+00,3.000000000000000000e+00,7.000000000000000000e+00,2.600000000000000000e+01,4.000000000000000000e+00,2.800000000000000000e+01,3.000000000000000000e+00
1.600000000000000000e+01,4.860000000000000000e+02,1.200000000000000000e+01,8.000000000000000000e+00,4.000000000000000000e+00,8.000000000000000000e+00,8.000000000000000000e+00,3.000000000000000000e+00,1.500000000000000000e+01,8.000000000000000000e+00
1.400000000000000000e+01,2.000000000000000000e+00,4.000000000000000000e+02,3.200000000000000000e+01,1.700000000000000000e+01,8.000000000000000000e+00,7.000000000000000000e+00,1.900000000000000000e+01,5.000000000000000000e+00,1.200000000000000000e+01
3.000000000000000000e+00,5.000000000000000000e+00,3.500000000000000000e+01,3.870000000000000000e+02,1.000000000000000000e+00,4.200000000000000000e+01,4.000000000000000000e+00,1.000000000000000000e+01,6.000000000000000000e+00,1.200000000000000000e+01
1.000000000000000000e+00,1.000000000000000000e+00,9.000000000000000000e+00,3.000000000000000000e+00,4.070000000000000000e+02,4.000000000000000000e+00,1.400000000000000000e+01,1.900000000000000000e+01,3.000000000000000000e+00,3.000000000000000000e+01
7.000000000000000000e+00,7.000000000000000000e+00,1.100000000000000000e+01,3.400000000000000000e+01,5.000000000000000000e+00,3.420000000000000000e+02,1.000000000000000000e+01,6.000000000000000000e+00,1.500000000000000000e+01,9.000000000000000000e+00
3.300000000000000000e+01,1.400000000000000000e+01,9.000000000000000000e+00,2.000000000000000000e+00,9.000000000000000000e+00,6.000000000000000000e+00,3.660000000000000000e+02,0.000000000000000000e+00,3.700000000000000000e+01,3.000000000000000000e+00
1.000000000000000000e+00,3.000000000000000000e+00,1.700000000000000000e+01,1.800000000000000000e+01,9.000000000000000000e+00,1.100000000000000000e+01,2.000000000000000000e+00,4.240000000000000000e+02,4.000000000000000000e+00,2.500000000000000000e+01
3.400000000000000000e+01,1.600000000000000000e+01,1.600000000000000000e+01,4.000000000000000000e+00,4.000000000000000000e+00,1.400000000000000000e+01,2.900000000000000000e+01,3.000000000000000000e+00,3.520000000000000000e+02,1.500000000000000000e+01
8.000000000000000000e+00,4.000000000000000000e+00,6.000000000000000000e+00,1.000000000000000000e+01,4.100000000000000000e+01,7.000000000000000000e+00,1.400000000000000000e+01,3.700000000000000000e+01,1.700000000000000000e+01,3.610000000000000000e+02
