6.790000000000000000e+02,0.000000000000000000e+00,0.000000000000000000e+00,0.000000000000000000e+00,0.000000000000000000e+00,0.000000000000000000e+00,0.000000000000000000e+00,0.000000000000000000e+00,6.000000000000000000e+00,1.000000000000000000e+00
3.000000000000000000e+00,7.880000000000000000e+02,0.000000000000000000e+00,0.000000000000000000e+00,0.000000000000000000e+00,0.000000000000000000e+00,1.000000000000000000e+00,0.000000000000000000e+00,2.000000000000000000e+00,0.000000000000000000e+00
7.000000000000000000e+00,2.000000000000000000e+00,7.090000000000000000e+02,1.000000000000000000e+00,0.000000000000000000e+00,1.000000000000000000e+00,0.000000000000000000e+00,0.000000000000000000e+00,1.000000000000000000e+00,1.000000000000000000e+00
1.000000000000000000e+00,2.000000000000000000e+00,8.000000000000000000e+00,6.880000000000000000e+02,0.000000000000000000e+00,7.000000000000000000e+00,0.000000000000000000e+00,0.000000000000000000e+00,1.000000000000000000e+00,0.000000000000000000e+00
1.000000000000000000e+00,0.000000000000000000e+00,8.000000000000000000e+00,0.000000000000000000e+00,6.730000000000000000e+02,1.000000000000000000e+00,1.000000000000000000e+00,3.000000000000000000e+00,0.000000000000000000e+00,0.000000000000000000e+00
1.000000000000000000e+00,1.000000000000000000e+00,4.000000000000000000e+00,3.000000000000000000e+00,0.000000000000000000e+00,6.140000000000000000e+02,0.000000000000000000e+00,0.000000000000000000e+00,0.000000000000000000e+00,1.000000000000000000e+00
2.000000000000000000e+00,1.000000000000000000e+00,4.000000000000000000e+00,2.000000000000000000e+00,1.000000000000000000e+00,2.000000000000000000e+00,6.580000000000000000e+02,0.000000000000000000e+00,0.000000000000000000e+00,0.000000000000000000e+00
0.000000000000000000e+00,5.000000000000000000e+00,4.000000000000000000e+00,3.000000000000000000e+00,2.000000000000000000e+00,2.000000000000000000e+00,0.000000000000000000e+00,6.930000000000000000e+02,0.000000000000000000e+00,1.000000000000000000e+01
8.000000000000000000e+00,1.000000000000000000e+00,5.000000000000000000e+00,2.000000000000000000e+00,1.000000000000000000e+00,3.000000000000000000e+00,0.000000000000000000e+00,5.000000000000000000e+00,6.540000000000000000e+02,2.000000000000000000e+00
2.000000000000000000e+00,1.000000000000000000e+00,2.000000000000000000e+00,5.000000000000000000e+00,7.000000000000000000e+00,2.000000000000000000e+00,0.000000000000000000e+00,4.000000000000000000e+00,1.000000000000000000e+00,6.820000000000000000e+02
2.710000000000000000e+02,2.000000000000000000e+00,7.000000000000000000e+00,1.000000000000000000e+00,0.000000000000000000e+00,0.000000000000000000e+00,6.000000000000000000e+00,1.000000000000000000e+00,6.000000000000000000e+00,0.000000000000000000e+00
5.000000000000000000e+00,3.270000000000000000e+02,2.000000000000000000e+00,2.000000000000000000e+00,1.000000000000000000e+00,0.000000000000000000e+00,2.000000000000000000e+00,0.000000000000000000e+00,2.000000000000000000e+00,0.000000000000000000e+00
5.000000000000000000e+00,7.000000000000000000e+00,2.860000000000000000e+02,9.000000000000000000e+00,0.000000000000000000e+00,0.000000000000000000e+00,2.000000000000000000e+00,1.000000000000000000e+00,0.000000000000000000e+00,0.000000000000000000e+00
1.000000000000000000e+00,6.000000000000000000e+00,1.800000000000000000e+01,2.530000000000000000e+02,1.000000000000000000e+00,1.400000000000000000e+01,0.000000000000000000e+00,7.000000000000000000e+00,1.000000000000000000e+00,2.000000000000000000e+00
4.000000000000000000e+00,5.000000000000000000e+00,5.000000000000000000e+00,2.000000000000000000e+00,2.540000000000000000e+02,2.000000000000000000e+00,4.000000000000000000e+00,5.000000000000000000e+00,2.000000000000000000e+00,1.200000000000000000e+01
5.000000000000000000e+00,3.000000000000000000e+00,4.000000000000000000e+00,9.000000000000000000e+00,1.000000000000000000e+00,2.370000000000000000e+02,1.000000000000000000e+00,1.000000000000000000e+00,5.000000000000000000e+00,2.000000000000000000e+00
1.200000000000000000e+01,3.000000000000000000e+00,4.000000000000000000e+00,1.000000000000000000e+00,0.000000000000000000e+00,1.000000000000000000e+00,2.600000000000000000e+02,0.000000000000000000e+00,7.000000000000000000e+00,0.000000000000000000e+00
0.000000000000000000e+00,4.000000000000000000e+00,2.000000000000000000e+00,7.000000000000000000e+00,4.000000000000000000e+00,1.000000000000000000e+00,0.000000000000000000e+00,2.780000000000000000e+02,1.000000000000000000e+00,1.200000000000000000e+01
1.600000000000000000e+01,7.000000000000000000e+00,6.000000000000000000e+00,7.000000000000000000e+00,4.000000000000000000e+00,7.000000000000000000e+00,3.000000000000000000e+00,1.000000000000000000e+00,2.400000000000000000e+02,2.000000000000000000e+00
1.000000000000000000e+00,4.000000000000000000e+00,5.000000000000000000e+00,6.000000000000000000e+00,2.700000000000000000e+01,5.000000000000000000e+00,1.000000000000000000e+00,1.700000000000000000e+01,1.000000000000000000e+00,2.360000000000000000e+02
