4.790000000000000000e+02,4.000000000000000000e+00,0.000000000000000000e+00,2.000000000000000000e+00,2.000000000000000000e+00,0.000000000000000000e+00,0.000000000000000000e+00,1.000000000000000000e+00,2.000000000000000000e+00,0.000000000000000000e+00
7.000000000000000000e+00,5.590000000000000000e+02,0.000000000000000000e+00,0.000000000000000000e+00,0.000000000000000000e+00,0.000000000000000000e+00,1.000000000000000000e+00,0.000000000000000000e+00,0.000000000000000000e+00,0.000000000000000000e+00
8.000000000000000000e+00,9.000000000000000000e+00,4.950000000000000000e+02,2.000000000000000000e+00,1.000000000000000000e+00,0.000000000000000000e+00,0.000000000000000000e+00,1.000000000000000000e+00,0.000000000000000000e+00,0.000000000000000000e+00
3.000000000000000000e+00,1.000000000000000000e+00,2.200000000000000000e+01,4.760000000000000000e+02,0.000000000000000000e+00,3.000000000000000000e+00,0.000000000000000000e+00,0.000000000000000000e+00,0.000000000000000000e+00,0.000000000000000000e+00
3.000000000000000000e+00,0.000000000000000000e+00,1.000000000000000000e+01,1.000000000000000000e+00,4.740000000000000000e+02,1.000000000000000000e+00,0.000000000000000000e+00,0.000000000000000000e+00,0.000000000000000000e+00,2.000000000000000000e+00
3.000000000000000000e+00,6.000000000000000000e+00,5.000000000000000000e+00,2.100000000000000000e+01,2.000000000000000000e+00,4.070000000000000000e+02,0.000000000000000000e+00,1.000000000000000000e+00,1.000000000000000000e+00,0.000000000000000000e+00
8.000000000000000000e+00,4.000000000000000000e+00,8.000000000000000000e+00,0.000000000000000000e+00,6.000000000000000000e+00,3.000000000000000000e+00,4.500000000000000000e+02,0.000000000000000000e+00,0.000000000000000000e+00,0.000000000000000000e+00
3.000000000000000000e+00,5.000000000000000000e+00,2.000000000000000000e+01,5.000000000000000000e+00,1.300000000000000000e+01,3.000000000000000000e+00,0.000000000000000000e+00,4.650000000000000000e+02,0.000000000000000000e+00,0.000000000000000000e+00
3.000000000000000000e+01,1.400000000000000000e+01,1.100000000000000000e+01,1.100000000000000000e+01,2.000000000000000000e+00,9.000000000000000000e+00,1.000000000000000000e+01,1.000000000000000000e+00,3.990000000000000000e+02,0.000000000000000000e+00
4.000000000000000000e+00,4.000000000000000000e+00,6.000000000000000000e+00,9.000000000000000000e+00,3.000000000000000000e+01,5.000000000000000000e+00,1.000000000000000000e+00,2.000000000000000000e+01,1.900000000000000000e+01,4.060000000000000000e+02
4.410000000000000000e+02,1.200000000000000000e+01,8.000000000000000000e+00,2.000000000000000000e+00,2.000000000000000000e+00,7.000000000000000000e+00,8.000000000000000000e+00,1.000000000000000000e+00,9.000000000000000000e+00,0.000000000000000000e+00
1.000000000000000000e+01,5.350000000000000000e+02,8.000000000000000000e+00,2.000000000000000000e+00,4.000000000000000000e+00,2.000000000000000000e+00,2.000000000000000000e+00,2.000000000000000000e+00,2.000000000000000000e+00,1.000000000000000000e+00
3.000000000000000000e+01,4.000000000000000000e+00,4.460000000000000000e+02,1.900000000000000000e+01,9.000000000000000000e+00,2.000000000000000000e+00,2.000000000000000000e+00,1.000000000000000000e+00,3.000000000000000000e+00,0.000000000000000000e+00
1.000000000000000000e+01,7.000000000000000000e+00,6.300000000000000000e+01,4.020000000000000000e+02,1.000000000000000000e+00,1.000000000000000000e+01,0.000000000000000000e+00,9.000000000000000000e+00,3.000000000000000000e+00,0.000000000000000000e+00
4.000000000000000000e+00,4.000000000000000000e+00,2.300000000000000000e+01,7.000000000000000000e+00,4.320000000000000000e+02,4.000000000000000000e+00,3.000000000000000000e+00,8.000000000000000000e+00,2.000000000000000000e+00,4.000000000000000000e+00
7.000000000000000000e+00,1.600000000000000000e+01,1.100000000000000000e+01,5.000000000000000000e+01,1.000000000000000000e+01,3.400000000000000000e+02,2.000000000000000000e+00,1.000000000000000000e+00,7.000000000000000000e+00,2.000000000000000000e+00
2.400000000000000000e+01,1.800000000000000000e+01,1.500000000000000000e+01,4.000000000000000000e+00,9.000000000000000000e+00,1.200000000000000000e+01,3.950000000000000000e+02,0.000000000000000000e+00,2.000000000000000000e+00,0.000000000000000000e+00
2.000000000000000000e+00,7.000000000000000000e+00,2.900000000000000000e+01,1.600000000000000000e+01,2.200000000000000000e+01,1.300000000000000000e+01,0.000000000000000000e+00,4.200000000000000000e+02,0.000000000000000000e+00,5.000000000000000000e+00
8.200000000000000000e+01,1.800000000000000000e+01,1.900000000000000000e+01,1.700000000000000000e+01,4.000000000000000000e+00,3.400000000000000000e+01,1.500000000000000000e+01,5.000000000000000000e+00,2.930000000000000000e+02,0.000000000000000000e+00
1.200000000000000000e+01,7.000000000000000000e+00,1.200000000000000000e+01,1.500000000000000000e+01,6.200000000000000000e+01,1.000000000000000000e+01,2.000000000000000000e+00,4.000000000000000000e+01,2.400000000000000000e+01,3.210000000000000000e+02
