4.900000000000000000e+02,0.000000000000000000e+00,0.000000000000000000e+00,0.000000000000000000e+00,0.000000000000000000e+00,0.000000000000000000e+00,0.000000000000000000e+00,0.000000000000000000e+00,0.000000000000000000e+00,0.000000000000000000e+00
0.000000000000000000e+00,5.670000000000000000e+02,0.000000000000000000e+00,0.000000000000000000e+00,0.000000000000000000e+00,0.000000000000000000e+00,0.000000000000000000e+00,0.000000000000000000e+00,0.000000000000000000e+00,0.000000000000000000e+00
0.000000000000000000e+00,0.000000000000000000e+00,5.160000000000000000e+02,0.000000000000000000e+00,0.000000000000000000e+00,0.000000000000000000e+00,0.000000000000000000e+00,0.000000000000000000e+00,0.000000000000000000e+00,0.000000000000000000e+00
0.000000000000000000e+00,0.000000000000000000e+00,0.000000000000000000e+00,5.040000000000000000e+02,0.000000000000000000e+00,0.000000000000000000e+00,0.000000000000000000e+00,1.000000000000000000e+00,0.000000000000000000e+00,0.000000000000000000e+00
0.000000000000000000e+00,0.000000000000000000e+00,0.000000000000000000e+00,0.000000000000000000e+00,4.910000000000000000e+02,0.000000000000000000e+00,0.000000000000000000e+00,0.000000000000000000e+00,0.000000000000000000e+00,0.000000000000000000e+00
0.000000000000000000e+00,0.000000000000000000e+00,0.000000000000000000e+00,0.000000000000000000e+00,0.000000000000000000e+00,4.460000000000000000e+02,0.000000000000000000e+00,0.000000000000000000e+00,0.000000000000000000e+00,0.000000000000000000e+00
0.000000000000000000e+00,0.000000000000000000e+00,0.000000000000000000e+00,0.000000000000000000e+00,0.000000000000000000e+00,0.000000000000000000e+00,4.790000000000000000e+02,0.000000000000000000e+00,0.000000000000000000e+00,0.000000000000000000e+00
0.000000000000000000e+00,0.000000000000000000e+00,0.000000000000000000e+00,0.000000000000000000e+00,0.000000000000000000e+00,0.000000000000000000e+00,0.000000000000000000e+00,5.140000000000000000e+02,0.000000000000000000e+00,0.000000000000000000e+00
0.000000000000000000e+00,0.000000000000000000e+00,0.000000000000000000e+00,0.000000000000000000e+00,0.000000000000000000e+00,0.000000000000000000e+00,0.000000000000000000e+00,0.000000000000000000e+00,4.870000000000000000e+02,0.000000000000000000e+00
0.000000000000000000e+00,0.000000000000000000e+00,0.000000000000000000e+00,0.000000000000000000e+00,0.000000000000000000e+00,0.000000000000000000e+00,0.000000000000000000e+00,1.000000000000000000e+00,0.000000000000000000e+00,5.030000000000000000e+02
4.720000000000000000e+02,2.000000000000000000e+00,4.000000000000000000e+00,0.000000000000000000e+00,0.000000000000000000e+00,0.000000000000000000e+00,5.000000000000000000e+00,1.000000000000000000e+00,5.000000000000000000e+00,1.000000000000000000e+00
0.000000000000000000e+00,5.560000000000000000e+02,5.000000000000000000e+00,0.000000000000000000e+00,1.000000000000000000e+00,1.000000000000000000e+00,2.000000000000000000e+00,1.000000000000000000e+00,1.000000000000000000e+00,1.000000000000000000e+00
0.000000000000000000e+00,0.000000000000000000e+00,4.920000000000000000e+02,1.300000000000000000e+01,1.000000000000000000e+00,1.000000000000000000e+00,3.000000000000000000e+00,3.000000000000000000e+00,2.000000000000000000e+00,1.000000000000000000e+00
0.000000000000000000e+00,0.000000000000000000e+00,9.000000000000000000e+00,4.740000000000000000e+02,1.000000000000000000e+00,4.000000000000000000e+00,0.000000000000000000e+00,1.100000000000000000e+01,6.000000000000000000e+00,0.000000000000000000e+00
0.000000000000000000e+00,1.000000000000000000e+00,0.000000000000000000e+00,1.000000000000000000e+00,4.650000000000000000e+02,0.000000000000000000e+00,2.000000000000000000e+00,6.000000000000000000e+00,2.000000000000000000e+00,1.400000000000000000e+01
0.000000000000000000e+00,0.000000000000000000e+00,1.000000000000000000e+00,1.400000000000000000e+01,3.000000000000000000e+00,4.150000000000000000e+02,2.000000000000000000e+00,0.000000000000000000e+00,9.000000000000000000e+00,2.000000000000000000e+00
7.000000000000000000e+00,2.000000000000000000e+00,4.000000000000000000e+00,1.000000000000000000e+00,0.000000000000000000e+00,1.000000000000000000e+00,4.590000000000000000e+02,0.000000000000000000e+00,5.000000000000000000e+00,0.000000000000000000e+00
0.000000000000000000e+00,1.000000000000000000e+00,4.000000000000000000e+00,1.000000000000000000e+00,5.000000000000000000e+00,1.000000000000000000e+00,0.000000000000000000e+00,4.940000000000000000e+02,0.000000000000000000e+00,8.000000000000000000e+00
1.100000000000000000e+01,4.000000000000000000e+00,7.000000000000000000e+00,1.000000000000000000e+00,5.000000000000000000e+00,3.000000000000000000e+00,5.000000000000000000e+00,1.000000000000000000e+00,4.450000000000000000e+02,5.000000000000000000e+00
0.000000000000000000e+00,4.000000000000000000e+00,0.000000000000000000e+00,3.000000000000000000e+00,1.900000000000000000e+01,5.000000000000000000e+00,0.000000000000000000e+00,1.300000000000000000e+01,6.000000000000000000e+00,4.550000000000000000e+02
