4.870000000000000000e+02,0.000000000000000000e+00,1.000000000000000000e+00,1.000000000000000000e+00,0.000000000000000000e+00,0.000000000000000000e+00,0.000000000000000000e+00,0.000000000000000000e+00,1.000000000000000000e+00,0.000000000000000000e+00
1.000000000000000000e+00,5.660000000000000000e+02,0.000000000000000000e+00,0.000000000000000000e+00,0.000000000000000000e+00,0.000000000000000000e+00,0.000000000000000000e+00,0.000000000000000000e+00,0.000000000000000000e+00,0.000000000000000000e+00
1.000000000000000000e+00,0.000000000000000000e+00,5.150000000000000000e+02,0.000000000000000000e+00,0.000000000000000000e+00,0.000000000000000000e+00,0.000000000000000000e+00,0.000000000000000000e+00,0.000000000000000000e+00,0.000000000000000000e+00
0.000000000000000000e+00,1.000000000000000000e+00,5.000000000000000000e+00,4.970000000000000000e+02,0.000000000000000000e+00,1.000000000000000000e+00,0.000000000000000000e+00,0.000000000000000000e+00,0.000000000000000000e+00,1.000000000000000000e+00
0.000000000000000000e+00,0.000000000000000000e+00,0.000000000000000000e+00,0.000000000000000000e+00,4.900000000000000000e+02,0.000000000000000000e+00,0.000000000000000000e+00,0.000000000000000000e+00,1.000000000000000000e+00,0.000000000000000000e+00
2.000000000000000000e+00,0.000000000000000000e+00,1.000000000000000000e+00,1.000000000000000000e+00,0.000000000000000000e+00,4.400000000000000000e+02,1.000000000000000000e+00,0.000000000000000000e+00,1.000000000000000000e+00,0.000000000000000000e+00
0.000000000000000000e+00,2.000000000000000000e+00,1.000000000000000000e+00,0.000000000000000000e+00,0.000000000000000000e+00,0.000000000000000000e+00,4.760000000000000000e+02,0.000000000000000000e+00,0.000000000000000000e+00,0.000000000000000000e+00
0.000000000000000000e+00,1.000000000000000000e+00,1.000000000000000000e+00,1.000000000000000000e+00,2.000000000000000000e+00,1.000000000000000000e+00,0.000000000000000000e+00,5.070000000000000000e+02,0.000000000000000000e+00,1.000000000000000000e+00
0.000000000000000000e+00,0.000000000000000000e+00,0.000000000000000000e+00,0.000000000000000000e+00,0.000000000000000000e+00,1.000000000000000000e+00,0.000000000000000000e+00,1.000000000000000000e+00,4.850000000000000000e+02,0.000000000000000000e+00
1.000000000000000000e+00,2.000000000000000000e+00,0.000000000000000000e+00,4.000000000000000000e+00,1.000000000000000000e+00,2.000000000000000000e+00,0.000000000000000000e+00,2.000000000000000000e+00,3.000000000000000000e+00,4.890000000000000000e+02
4.500000000000000000e+02,3.000000000000000000e+00,5.000000000000000000e+00,2.000000000000000000e+00,0.000000000000000000e+00,1.000000000000000000e+00,1.000000000000000000e+01,2.000000000000000000e+00,1.700000000000000000e+01,0.000000000000000000e+00
6.000000000000000000e+00,5.430000000000000000e+02,3.000000000000000000e+00,2.000000000000000000e+00,0.000000000000000000e+00,3.000000000000000000e+00,2.000000000000000000e+00,5.000000000000000000e+00,3.000000000000000000e+00,1.000000000000000000e+00
7.000000000000000000e+00,1.000000000000000000e+00,4.710000000000000000e+02,2.100000000000000000e+01,2.000000000000000000e+00,1.000000000000000000e+00,2.000000000000000000e+00,5.000000000000000000e+00,5.000000000000000000e+00,1.000000000000000000e+00
3.000000000000000000e+00,9.000000000000000000e+00,2.900000000000000000e+01,4.310000000000000000e+02,2.000000000000000000e+00,1.400000000000000000e+01,0.000000000000000000e+00,1.400000000000000000e+01,3.000000000000000000e+00,0.000000000000000000e+00
4.000000000000000000e+00,3.000000000000000000e+00,1.000000000000000000e+00,2.000000000000000000e+00,4.540000000000000000e+02,0.000000000000000000e+00,5.000000000000000000e+00,2.000000000000000000e+00,4.000000000000000000e+00,1.600000000000000000e+01
3.000000000000000000e+00,3.000000000000000000e+00,4.000000000000000000e+00,2.200000000000000000e+01,5.000000000000000000e+00,3.910000000000000000e+02,2.000000000000000000e+00,2.000000000000000000e+00,9.000000000000000000e+00,5.000000000000000000e+00
1.700000000000000000e+01,5.000000000000000000e+00,1.100000000000000000e+01,1.000000000000000000e+00,3.000000000000000000e+00,5.000000000000000000e+00,4.320000000000000000e+02,0.000000000000000000e+00,5.000000000000000000e+00,0.000000000000000000e+00
3.000000000000000000e+00,6.000000000000000000e+00,7.000000000000000000e+00,5.000000000000000000e+00,2.000000000000000000e+00,8.000000000000000000e+00,0.000000000000000000e+00,4.690000000000000000e+02,0.000000000000000000e+00,1.400000000000000000e+01
4.100000000000000000e+01,1.000000000000000000e+01,1.100000000000000000e+01,4.000000000000000000e+00,2.000000000000000000e+00,7.000000000000000000e+00,6.000000000000000000e+00,2.000000000000000000e+00,4.010000000000000000e+02,3.000000000000000000e+00
8.000000000000000000e+00,1.100000000000000000e+01,3.000000000000000000e+00,2.000000000000000000e+00,3.500000000000000000e+01,1.100000000000000000e+01,1.000000000000000000e+00,1.800000000000000000e+01,2.100000000000000000e+01,3.950000000000000000e+02
