6.570000000000000000e+02,2.000000000000000000e+00,5.000000000000000000e+00,1.000000000000000000e+00,0.000000000000000000e+00,1.000000000000000000e+00,5.000000000000000000e+00,1.000000000000000000e+00,1.400000000000000000e+01,0.000000000000000000e+00
1.000000000000000000e+00,7.760000000000000000e+02,5.000000000000000000e+00,2.000000000000000000e+00,1.000000000000000000e+00,4.000000000000000000e+00,3.000000000000000000e+00,0.000000000000000000e+00,0.000000000000000000e+00,2.000000000000000000e+00
1.000000000000000000e+00,1.000000000000000000e+00,6.890000000000000000e+02,1.200000000000000000e+01,3.000000000000000000e+00,1.000000000000000000e+00,0.000000000000000000e+00,1.000000000000000000e+01,3.000000000000000000e+00,2.000000000000000000e+00
0.000000000000000000e+00,0.000000000000000000e+00,5.000000000000000000e+00,6.710000000000000000e+02,0.000000000000000000e+00,6.000000000000000000e+00,0.000000000000000000e+00,1.600000000000000000e+01,6.000000000000000000e+00,3.000000000000000000e+00
0.000000000000000000e+00,0.000000000000000000e+00,0.000000000000000000e+00,0.000000000000000000e+00,6.530000000000000000e+02,0.000000000000000000e+00,7.000000000000000000e+00,1.000000000000000000e+00,1.000000000000000000e+00,2.500000000000000000e+01
0.000000000000000000e+00,0.000000000000000000e+00,1.000000000000000000e+00,1.600000000000000000e+01,1.000000000000000000e+00,5.910000000000000000e+02,2.000000000000000000e+00,0.000000000000000000e+00,9.000000000000000000e+00,4.000000000000000000e+00
1.000000000000000000e+00,3.000000000000000000e+00,1.400000000000000000e+01,0.000000000000000000e+00,2.000000000000000000e+00,1.000000000000000000e+00,6.470000000000000000e+02,0.000000000000000000e+00,2.000000000000000000e+00,0.000000000000000000e+00
0.000000000000000000e+00,1.000000000000000000e+00,3.000000000000000000e+00,4.000000000000000000e+00,1.000000000000000000e+01,2.000000000000000000e+00,0.000000000000000000e+00,6.750000000000000000e+02,1.000000000000000000e+00,2.300000000000000000e+01
1.500000000000000000e+01,3.000000000000000000e+00,5.000000000000000000e+00,3.000000000000000000e+00,1.000000000000000000e+00,1.000000000000000000e+00,3.000000000000000000e+00,4.000000000000000000e+00,6.400000000000000000e+02,6.000000000000000000e+00
1.000000000000000000e+00,7.000000000000000000e+00,0.000000000000000000e+00,1.600000000000000000e+01,1.400000000000000000e+01,1.000000000000000000e+01,0.000000000000000000e+00,1.500000000000000000e+01,1.000000000000000000e+01,6.330000000000000000e+02
2.780000000000000000e+02,1.000000000000000000e+00,3.000000000000000000e+00,1.000000000000000000e+00,0.000000000000000000e+00,0.000000000000000000e+00,6.000000000000000000e+00,1.000000000000000000e+00,3.000000000000000000e+00,1.000000000000000000e+00
0.000000000000000000e+00,3.340000000000000000e+02,2.000000000000000000e+00,1.000000000000000000e+00,0.000000000000000000e+00,1.000000000000000000e+00,0.000000000000000000e+00,2.000000000000000000e+00,1.000000000000000000e+00,0.000000000000000000e+00
0.000000000000000000e+00,0.000000000000000000e+00,2.960000000000000000e+02,7.000000000000000000e+00,0.000000000000000000e+00,2.000000000000000000e+00,1.000000000000000000e+00,2.000000000000000000e+00,2.000000000000000000e+00,0.000000000000000000e+00
0.000000000000000000e+00,0.000000000000000000e+00,3.000000000000000000e+00,2.830000000000000000e+02,0.000000000000000000e+00,3.000000000000000000e+00,0.000000000000000000e+00,9.000000000000000000e+00,4.000000000000000000e+00,1.000000000000000000e+00
0.000000000000000000e+00,2.000000000000000000e+00,1.000000000000000000e+00,0.000000000000000000e+00,2.740000000000000000e+02,0.000000000000000000e+00,2.000000000000000000e+00,2.000000000000000000e+00,3.000000000000000000e+00,1.100000000000000000e+01
0.000000000000000000e+00,0.000000000000000000e+00,0.000000000000000000e+00,9.000000000000000000e+00,1.000000000000000000e+00,2.520000000000000000e+02,1.000000000000000000e+00,1.000000000000000000e+00,2.000000000000000000e+00,2.000000000000000000e+00
0.000000000000000000e+00,2.000000000000000000e+00,2.000000000000000000e+00,0.000000000000000000e+00,0.000000000000000000e+00,0.000000000000000000e+00,2.820000000000000000e+02,0.000000000000000000e+00,2.000000000000000000e+00,0.000000000000000000e+00
0.000000000000000000e+00,0.000000000000000000e+00,0.000000000000000000e+00,1.000000000000000000e+00,2.000000000000000000e+00,1.000000000000000000e+00,0.000000000000000000e+00,2.980000000000000000e+02,0.000000000000000000e+00,7.000000000000000000e+00
3.000000000000000000e+00,2.000000000000000000e+00,3.000000000000000000e+00,2.000000000000000000e+00,1.000000000000000000e+00,3.000000000000000000e+00,2.000000000000000000e+00,2.000000000000000000e+00,2.720000000000000000e+02,3.000000000000000000e+00
0.000000000000000000e+00,1.000000000000000000e+00,0.000000000000000000e+00,1.000000000000000000e+00,1.000000000000000000e+01,3.000000000000000000e+00,0.000000000000000000e+00,9.000000000000000000e+00,5.000000000000000000e+00,2.740000000000000000e+02
