4.510000000000000000e+02,1.000000000000000000e+00,4.000000000000000000e+00,2.000000000000000000e+00,0.000000000000000000e+00,1.000000000000000000e+00,1.300000000000000000e+01,1.000000000000000000e+00,1.600000000000000000e+01,1.000000000000000000e+00
0.000000000000000000e+00,5.530000000000000000e+02,4.000000000000000000e+00,2.000000000000000000e+00,3.000000000000000000e+00,3.000000000000000000e+00,2.000000000000000000e+00,0.000000000000000000e+00,0.000000000000000000e+00,0.000000000000000000e+00
2.000000000000000000e+00,2.000000000000000000e+00,4.720000000000000000e+02,1.300000000000000000e+01,3.000000000000000000e+00,2.000000000000000000e+00,0.000000000000000000e+00,1.500000000000000000e+01,5.000000000000000000e+00,2.000000000000000000e+00
0.000000000000000000e+00,1.000000000000000000e+00,8.000000000000000000e+00,4.660000000000000000e+02,0.000000000000000000e+00,6.000000000000000000e+00,0.000000000000000000e+00,1.900000000000000000e+01,2.000000000000000000e+00,3.000000000000000000e+00
0.000000000000000000e+00,4.000000000000000000e+00,3.000000000000000000e+00,0.000000000000000000e+00,4.510000000000000000e+02,1.000000000000000000e+00,4.000000000000000000e+00,0.000000000000000000e+00,2.000000000000000000e+00,2.600000000000000000e+01
0.000000000000000000e+00,0.000000000000000000e+00,1.000000000000000000e+00,2.000000000000000000e+01,1.000000000000000000e+00,4.110000000000000000e+02,3.000000000000000000e+00,1.000000000000000000e+00,7.000000000000000000e+00,2.000000000000000000e+00
0.000000000000000000e+00,6.000000000000000000e+00,9.000000000000000000e+00,0.000000000000000000e+00,2.000000000000000000e+00,5.000000000000000000e+00,4.390000000000000000e+02,0.000000000000000000e+00,1.800000000000000000e+01,0.000000000000000000e+00
0.000000000000000000e+00,3.000000000000000000e+00,8.000000000000000000e+00,4.000000000000000000e+00,7.000000000000000000e+00,1.000000000000000000e+00,0.000000000000000000e+00,4.640000000000000000e+02,1.000000000000000000e+00,2.600000000000000000e+01
1.600000000000000000e+01,6.000000000000000000e+00,4.000000000000000000e+00,1.000000000000000000e+00,2.000000000000000000e+00,2.000000000000000000e+00,6.000000000000000000e+00,4.000000000000000000e+00,4.390000000000000000e+02,7.000000000000000000e+00
1.000000000000000000e+00,6.000000000000000000e+00,1.000000000000000000e+00,2.000000000000000000e+01,1.900000000000000000e+01,6.000000000000000000e+00,0.000000000000000000e+00,9.000000000000000000e+00,1.700000000000000000e+01,4.250000000000000000e+02
4.440000000000000000e+02,3.000000000000000000e+00,4.000000000000000000e+00,1.000000000000000000e+00,0.000000000000000000e+00,1.000000000000000000e+00,1.600000000000000000e+01,2.000000000000000000e+00,1.800000000000000000e+01,1.000000000000000000e+00
1.000000000000000000e+00,5.510000000000000000e+02,3.000000000000000000e+00,2.000000000000000000e+00,0.000000000000000000e+00,3.000000000000000000e+00,1.000000000000000000e+00,2.000000000000000000e+00,3.000000000000000000e+00,2.000000000000000000e+00
0.000000000000000000e+00,0.000000000000000000e+00,4.670000000000000000e+02,2.500000000000000000e+01,3.000000000000000000e+00,4.000000000000000000e+00,1.000000000000000000e+00,8.000000000000000000e+00,3.000000000000000000e+00,5.000000000000000000e+00
0.000000000000000000e+00,0.000000000000000000e+00,1.300000000000000000e+01,4.560000000000000000e+02,0.000000000000000000e+00,1.000000000000000000e+01,0.000000000000000000e+00,1.700000000000000000e+01,6.000000000000000000e+00,3.000000000000000000e+00
0.000000000000000000e+00,6.000000000000000000e+00,3.000000000000000000e+00,0.000000000000000000e+00,4.470000000000000000e+02,0.000000000000000000e+00,3.000000000000000000e+00,2.000000000000000000e+00,6.000000000000000000e+00,2.400000000000000000e+01
0.000000000000000000e+00,0.000000000000000000e+00,1.000000000000000000e+00,1.500000000000000000e+01,1.000000000000000000e+00,4.130000000000000000e+02,0.000000000000000000e+00,2.000000000000000000e+00,7.000000000000000000e+00,7.000000000000000000e+00
2.000000000000000000e+00,8.000000000000000000e+00,7.000000000000000000e+00,0.000000000000000000e+00,2.000000000000000000e+00,3.000000000000000000e+00,4.450000000000000000e+02,1.000000000000000000e+00,1.100000000000000000e+01,0.000000000000000000e+00
0.000000000000000000e+00,0.000000000000000000e+00,2.000000000000000000e+00,4.000000000000000000e+00,5.000000000000000000e+00,1.000000000000000000e+00,0.000000000000000000e+00,4.880000000000000000e+02,0.000000000000000000e+00,1.400000000000000000e+01
1.000000000000000000e+01,8.000000000000000000e+00,5.000000000000000000e+00,3.000000000000000000e+00,2.000000000000000000e+00,4.000000000000000000e+00,8.000000000000000000e+00,3.000000000000000000e+00,4.390000000000000000e+02,5.000000000000000000e+00
1.000000000000000000e+00,5.000000000000000000e+00,4.000000000000000000e+00,4.000000000000000000e+00,1.700000000000000000e+01,5.000000000000000000e+00,0.000000000000000000e+00,1.300000000000000000e+01,1.800000000000000000e+01,4.380000000000000000e+02
