4.730000000000000000e+02,0.000000000000000000e+00,0.000000000000000000e+00,0.000000000000000000e+00,0.000000000000000000e+00,0.000000000000000000e+00,1.000000000000000000e+00,0.000000000000000000e+00,5.000000000000000000e+00,0.000000000000000000e+00,1.100000000000000000e+01
0.000000000000000000e+00,5.610000000000000000e+02,1.000000000000000000e+00,0.000000000000000000e+00,0.000000000000000000e+00,1.000000000000000000e+00,0.000000000000000000e+00,0.000000000000000000e+00,0.000000000000000000e+00,0.000000000000000000e+00,4.000000000000000000e+00
0.000000000000000000e+00,0.000000000000000000e+00,4.970000000000000000e+02,1.000000000000000000e+00,0.000000000000000000e+00,0.000000000000000000e+00,0.000000000000000000e+00,0.000000000000000000e+00,0.000000000000000000e+00,0.000000000000000000e+00,1.800000000000000000e+01
0.000000000000000000e+00,0.000000000000000000e+00,3.000000000000000000e+00,4.800000000000000000e+02,0.000000000000000000e+00,0.000000000000000000e+00,0.000000000000000000e+00,2.000000000000000000e+00,0.000000000000000000e+00,0.000000000000000000e+00,2.000000000000000000e+01
0.000000000000000000e+00,1.000000000000000000e+00,0.000000000000000000e+00,0.000000000000000000e+00,4.790000000000000000e+02,0.000000000000000000e+00,0.000000000000000000e+00,0.000000000000000000e+00,0.000000000000000000e+00,4.000000000000000000e+00,7.000000000000000000e+00
0.000000000000000000e+00,0.000000000000000000e+00,0.000000000000000000e+00,1.300000000000000000e+01,0.000000000000000000e+00,4.170000000000000000e+02,1.000000000000000000e+00,0.000000000000000000e+00,3.000000000000000000e+00,0.000000000000000000e+00,1.200000000000000000e+01
0.000000000000000000e+00,0.000000000000000000e+00,1.000000000000000000e+00,0.000000000000000000e+00,4.000000000000000000e+00,0.000000000000000000e+00,4.580000000000000000e+02,0.000000000000000000e+00,0.000000000000000000e+00,0.000000000000000000e+00,1.600000000000000000e+01
0.000000000000000000e+00,1.000000000000000000e+00,0.000000000000000000e+00,1.000000000000000000e+00,2.000000000000000000e+00,0.000000000000000000e+00,0.000000000000000000e+00,4.770000000000000000e+02,0.000000000000000000e+00,3.000000000000000000e+00,3.000000000000000000e+01
6.000000000000000000e+00,1.000000000000000000e+00,3.000000000000000000e+00,0.000000000000000000e+00,0.000000000000000000e+00,2.000000000000000000e+00,2.000000000000000000e+00,1.000000000000000000e+00,4.250000000000000000e+02,0.000000000000000000e+00,4.700000000000000000e+01
0.000000000000000000e+00,2.000000000000000000e+00,0.000000000000000000e+00,5.000000000000000000e+00,7.000000000000000000e+00,3.000000000000000000e+00,0.000000000000000000e+00,7.000000000000000000e+00,7.000000000000000000e+00,4.370000000000000000e+02,3.600000000000000000e+01
0.000000000000000000e+00,0.000000000000000000e+00,0.000000000000000000e+00,0.000000000000000000e+00,0.000000000000000000e+00,0.000000000000000000e+00,0.000000000000000000e+00,0.000000000000000000e+00,0.000000000000000000e+00,0.000000000000000000e+00,0.000000000000000000e+00
4.650000000000000000e+02,0.000000000000000000e+00,0.000000000000000000e+00,0.000000000000000000e+00,1.000000000000000000e+00,0.000000000000000000e+00,2.000000000000000000e+00,1.000000000000000000e+00,2.000000000000000000e+00,0.000000000000000000e+00,1.900000000000000000e+01
0.000000000000000000e+00,5.500000000000000000e+02,1.000000000000000000e+00,2.000000000000000000e+00,0.000000000000000000e+00,0.000000000000000000e+00,1.000000000000000000e+00,1.000000000000000000e+00,0.000000000000000000e+00,0.000000000000000000e+00,1.300000000000000000e+01
0.000000000000000000e+00,0.000000000000000000e+00,4.770000000000000000e+02,5.000000000000000000e+00,1.000000000000000000e+00,0.000000000000000000e+00,0.000000000000000000e+00,1.000000000000000000e+00,1.000000000000000000e+00,0.000000000000000000e+00,3.100000000000000000e+01
0.000000000000000000e+00,0.000000000000000000e+00,3.000000000000000000e+00,4.520000000000000000e+02,0.000000000000000000e+00,2.000000000000000000e+00,0.000000000000000000e+00,4.000000000000000000e+00,4.000000000000000000e+00,0.000000000000000000e+00,4.000000000000000000e+01
1.000000000000000000e+00,1.000000000000000000e+00,1.000000000000000000e+00,0.000000000000000000e+00,4.610000000000000000e+02,0.000000000000000000e+00,2.000000000000000000e+00,2.000000000000000000e+00,3.000000000000000000e+00,5.000000000000000000e+00,1.500000000000000000e+01
0.000000000000000000e+00,0.000000000000000000e+00,0.000000000000000000e+00,1.000000000000000000e+01,1.000000000000000000e+00,4.060000000000000000e+02,1.000000000000000000e+00,0.000000000000000000e+00,2.000000000000000000e+00,0.000000000000000000e+00,2.600000000000000000e+01
1.000000000000000000e+00,2.000000000000000000e+00,4.000000000000000000e+00,0.000000000000000000e+00,2.000000000000000000e+00,1.000000000000000000e+00,4.500000000000000000e+02,0.000000000000000000e+00,0.000000000000000000e+00,0.000000000000000000e+00,1.900000000000000000e+01
1.000000000000000000e+00,0.000000000000000000e+00,1.000000000000000000e+00,4.000000000000000000e+00,1.000000000000000000e+00,0.000000000000000000e+00,0.000000000000000000e+00,4.800000000000000000e+02,0.000000000000000000e+00,3.000000000000000000e+00,2.400000000000000000e+01
5.000000000000000000e+00,2.000000000000000000e+00,1.000000000000000000e+00,0.000000000000000000e+00,3.000000000000000000e+00,4.000000000000000000e+00,4.000000000000000000e+00,1.000000000000000000e+00,4.210000000000000000e+02,1.000000000000000000e+00,4.500000000000000000e+01
1.000000000000000000e+00,0.000000000000000000e+00,0.000000000000000000e+00,2.000000000000000000e+00,7.000000000000000000e+00,3.000000000000000000e+00,0.000000000000000000e+00,1.300000000000000000e+01,6.000000000000000000e+00,4.280000000000000000e+02,4.500000000000000000e+01
9.420000000000000000e+02,5.029000000000000000e+03,1.601000000000000000e+03,3.700000000000000000e+02,3.299000000000000000e+03,2.425000000000000000e+03,4.146000000000000000e+03,3.860000000000000000e+02,1.116000000000000000e+03,2.480000000000000000e+02,6.821000000000000000e+03
