4.690000000000000000e+02,0.000000000000000000e+00,0.000000000000000000e+00,0.000000000000000000e+00,0.000000000000000000e+00,0.000000000000000000e+00,1.000000000000000000e+00,0.000000000000000000e+00,5.000000000000000000e+00,0.000000000000000000e+00,1.500000000000000000e+01
0.000000000000000000e+00,5.600000000000000000e+02,2.000000000000000000e+00,0.000000000000000000e+00,0.000000000000000000e+00,0.000000000000000000e+00,1.000000000000000000e+00,0.000000000000000000e+00,0.000000000000000000e+00,0.000000000000000000e+00,5.000000000000000000e+00
1.000000000000000000e+00,0.000000000000000000e+00,4.910000000000000000e+02,1.000000000000000000e+00,0.000000000000000000e+00,0.000000000000000000e+00,0.000000000000000000e+00,0.000000000000000000e+00,0.000000000000000000e+00,0.000000000000000000e+00,2.300000000000000000e+01
0.000000000000000000e+00,0.000000000000000000e+00,2.000000000000000000e+00,4.800000000000000000e+02,0.000000000000000000e+00,0.000000000000000000e+00,0.000000000000000000e+00,2.000000000000000000e+00,0.000000000000000000e+00,0.000000000000000000e+00,2.100000000000000000e+01
0.000000000000000000e+00,1.000000000000000000e+00,0.000000000000000000e+00,0.000000000000000000e+00,4.670000000000000000e+02,0.000000000000000000e+00,1.000000000000000000e+00,0.000000000000000000e+00,0.000000000000000000e+00,4.000000000000000000e+00,1.800000000000000000e+01
0.000000000000000000e+00,0.000000000000000000e+00,0.000000000000000000e+00,1.300000000000000000e+01,0.000000000000000000e+00,4.150000000000000000e+02,1.000000000000000000e+00,0.000000000000000000e+00,5.000000000000000000e+00,0.000000000000000000e+00,1.200000000000000000e+01
0.000000000000000000e+00,0.000000000000000000e+00,2.000000000000000000e+00,0.000000000000000000e+00,2.000000000000000000e+00,1.000000000000000000e+00,4.580000000000000000e+02,0.000000000000000000e+00,0.000000000000000000e+00,0.000000000000000000e+00,1.600000000000000000e+01
0.000000000000000000e+00,1.000000000000000000e+00,0.000000000000000000e+00,1.000000000000000000e+00,3.000000000000000000e+00,0.000000000000000000e+00,0.000000000000000000e+00,4.780000000000000000e+02,0.000000000000000000e+00,4.000000000000000000e+00,2.700000000000000000e+01
6.000000000000000000e+00,1.000000000000000000e+00,2.000000000000000000e+00,0.000000000000000000e+00,0.000000000000000000e+00,1.000000000000000000e+00,2.000000000000000000e+00,1.000000000000000000e+00,4.260000000000000000e+02,1.000000000000000000e+00,4.700000000000000000e+01
0.000000000000000000e+00,1.000000000000000000e+00,0.000000000000000000e+00,4.000000000000000000e+00,7.000000000000000000e+00,3.000000000000000000e+00,0.000000000000000000e+00,7.000000000000000000e+00,7.000000000000000000e+00,4.300000000000000000e+02,4.600000000000000000e+01
0.000000000000000000e+00,0.000000000000000000e+00,0.000000000000000000e+00,0.000000000000000000e+00,0.000000000000000000e+00,0.000000000000000000e+00,0.000000000000000000e+00,0.000000000000000000e+00,0.000000000000000000e+00,0.000000000000000000e+00,0.000000000000000000e+00
4.590000000000000000e+02,0.000000000000000000e+00,0.000000000000000000e+00,0.000000000000000000e+00,1.000000000000000000e+00,0.000000000000000000e+00,3.000000000000000000e+00,1.000000000000000000e+00,2.000000000000000000e+00,0.000000000000000000e+00,2.400000000000000000e+01
0.000000000000000000e+00,5.510000000000000000e+02,1.000000000000000000e+00,0.000000000000000000e+00,0.000000000000000000e+00,1.000000000000000000e+00,1.000000000000000000e+00,1.000000000000000000e+00,0.000000000000000000e+00,0.000000000000000000e+00,1.200000000000000000e+01
1.000000000000000000e+00,1.000000000000000000e+00,4.740000000000000000e+02,5.000000000000000000e+00,2.000000000000000000e+00,0.000000000000000000e+00,0.000000000000000000e+00,1.000000000000000000e+00,2.000000000000000000e+00,1.000000000000000000e+00,2.900000000000000000e+01
0.000000000000000000e+00,0.000000000000000000e+00,4.000000000000000000e+00,4.490000000000000000e+02,0.000000000000000000e+00,2.000000000000000000e+00,0.000000000000000000e+00,5.000000000000000000e+00,4.000000000000000000e+00,1.000000000000000000e+00,4.000000000000000000e+01
0.000000000000000000e+00,1.000000000000000000e+00,1.000000000000000000e+00,0.000000000000000000e+00,4.530000000000000000e+02,0.000000000000000000e+00,2.000000000000000000e+00,0.000000000000000000e+00,3.000000000000000000e+00,8.000000000000000000e+00,2.300000000000000000e+01
0.000000000000000000e+00,0.000000000000000000e+00,0.000000000000000000e+00,1.200000000000000000e+01,0.000000000000000000e+00,4.070000000000000000e+02,1.000000000000000000e+00,1.000000000000000000e+00,2.000000000000000000e+00,0.000000000000000000e+00,2.300000000000000000e+01
1.000000000000000000e+00,3.000000000000000000e+00,2.000000000000000000e+00,0.000000000000000000e+00,1.000000000000000000e+00,1.000000000000000000e+00,4.510000000000000000e+02,1.000000000000000000e+00,0.000000000000000000e+00,0.000000000000000000e+00,1.900000000000000000e+01
1.000000000000000000e+00,0.000000000000000000e+00,1.000000000000000000e+00,4.000000000000000000e+00,3.000000000000000000e+00,0.000000000000000000e+00,0.000000000000000000e+00,4.750000000000000000e+02,0.000000000000000000e+00,2.000000000000000000e+00,2.800000000000000000e+01
5.000000000000000000e+00,1.000000000000000000e+00,2.000000000000000000e+00,3.000000000000000000e+00,3.000000000000000000e+00,3.000000000000000000e+00,3.000000000000000000e+00,2.000000000000000000e+00,4.180000000000000000e+02,1.000000000000000000e+00,4.600000000000000000e+01
1.000000000000000000e+00,1.000000000000000000e+00,0.000000000000000000e+00,1.000000000000000000e+00,1.100000000000000000e+01,3.000000000000000000e+00,0.000000000000000000e+00,1.300000000000000000e+01,8.000000000000000000e+00,4.220000000000000000e+02,4.400000000000000000e+01
9.890000000000000000e+02,4.756000000000000000e+03,2.094000000000000000e+03,4.270000000000000000e+02,4.326000000000000000e+03,2.186000000000000000e+03,3.459000000000000000e+03,4.510000000000000000e+02,8.410000000000000000e+02,2.980000000000000000e+02,6.556000000000000000e+03
