4.790000000000000000e+02,0.000000000000000000e+00,0.000000000000000000e+00,0.000000000000000000e+00,0.000000000000000000e+00,0.000000000000000000e+00,0.000000000000000000e+00,0.000000000000000000e+00,1.100000000000000000e+01,0.000000000000000000e+00
0.000000000000000000e+00,5.670000000000000000e+02,1.000000000000000000e+00,0.000000000000000000e+00,0.000000000000000000e+00,0.000000000000000000e+00,0.000000000000000000e+00,0.000000000000000000e+00,0.000000000000000000e+00,0.000000000000000000e+00
0.000000000000000000e+00,0.000000000000000000e+00,5.150000000000000000e+02,1.000000000000000000e+00,0.000000000000000000e+00,0.000000000000000000e+00,0.000000000000000000e+00,0.000000000000000000e+00,0.000000000000000000e+00,0.000000000000000000e+00
0.000000000000000000e+00,0.000000000000000000e+00,2.000000000000000000e+00,4.990000000000000000e+02,0.000000000000000000e+00,1.000000000000000000e+00,0.000000000000000000e+00,1.000000000000000000e+00,1.000000000000000000e+00,1.000000000000000000e+00
0.000000000000000000e+00,0.000000000000000000e+00,0.000000000000000000e+00,0.000000000000000000e+00,4.860000000000000000e+02,0.000000000000000000e+00,0.000000000000000000e+00,0.000000000000000000e+00,0.000000000000000000e+00,5.000000000000000000e+00
0.000000000000000000e+00,0.000000000000000000e+00,0.000000000000000000e+00,5.000000000000000000e+00,0.000000000000000000e+00,4.380000000000000000e+02,1.000000000000000000e+00,0.000000000000000000e+00,2.000000000000000000e+00,0.000000000000000000e+00
0.000000000000000000e+00,0.000000000000000000e+00,0.000000000000000000e+00,0.000000000000000000e+00,0.000000000000000000e+00,0.000000000000000000e+00,4.790000000000000000e+02,0.000000000000000000e+00,0.000000000000000000e+00,0.000000000000000000e+00
0.000000000000000000e+00,0.000000000000000000e+00,0.000000000000000000e+00,2.000000000000000000e+00,2.000000000000000000e+00,0.000000000000000000e+00,0.000000000000000000e+00,5.050000000000000000e+02,0.000000000000000000e+00,5.000000000000000000e+00
5.000000000000000000e+00,0.000000000000000000e+00,0.000000000000000000e+00,0.000000000000000000e+00,1.000000000000000000e+00,1.000000000000000000e+00,0.000000000000000000e+00,0.000000000000000000e+00,4.780000000000000000e+02,2.000000000000000000e+00
0.000000000000000000e+00,2.000000000000000000e+00,0.000000000000000000e+00,1.000000000000000000e+00,1.000000000000000000e+00,1.000000000000000000e+00,0.000000000000000000e+00,3.000000000000000000e+00,2.000000000000000000e+00,4.950000000000000000e+02
4.750000000000000000e+02,0.000000000000000000e+00,1.000000000000000000e+00,1.000000000000000000e+00,0.000000000000000000e+00,0.000000000000000000e+00,5.000000000000000000e+00,0.000000000000000000e+00,8.000000000000000000e+00,0.000000000000000000e+00
3.000000000000000000e+00,5.480000000000000000e+02,2.000000000000000000e+00,1.000000000000000000e+00,1.000000000000000000e+00,3.000000000000000000e+00,3.000000000000000000e+00,3.000000000000000000e+00,1.000000000000000000e+00,2.000000000000000000e+00
4.000000000000000000e+00,1.000000000000000000e+00,4.920000000000000000e+02,9.000000000000000000e+00,3.000000000000000000e+00,0.000000000000000000e+00,1.000000000000000000e+00,4.000000000000000000e+00,1.000000000000000000e+00,1.000000000000000000e+00
0.000000000000000000e+00,0.000000000000000000e+00,6.000000000000000000e+00,4.720000000000000000e+02,0.000000000000000000e+00,1.000000000000000000e+01,0.000000000000000000e+00,5.000000000000000000e+00,7.000000000000000000e+00,5.000000000000000000e+00
0.000000000000000000e+00,1.000000000000000000e+00,0.000000000000000000e+00,0.000000000000000000e+00,4.660000000000000000e+02,0.000000000000000000e+00,2.000000000000000000e+00,4.000000000000000000e+00,1.000000000000000000e+00,1.700000000000000000e+01
1.000000000000000000e+00,1.000000000000000000e+00,3.000000000000000000e+00,5.000000000000000000e+00,1.000000000000000000e+00,4.210000000000000000e+02,1.000000000000000000e+00,2.000000000000000000e+00,6.000000000000000000e+00,5.000000000000000000e+00
4.000000000000000000e+00,2.000000000000000000e+00,5.000000000000000000e+00,0.000000000000000000e+00,3.000000000000000000e+00,2.000000000000000000e+00,4.610000000000000000e+02,0.000000000000000000e+00,2.000000000000000000e+00,0.000000000000000000e+00
0.000000000000000000e+00,0.000000000000000000e+00,2.000000000000000000e+00,4.000000000000000000e+00,4.000000000000000000e+00,0.000000000000000000e+00,0.000000000000000000e+00,4.960000000000000000e+02,2.000000000000000000e+00,6.000000000000000000e+00
9.000000000000000000e+00,2.000000000000000000e+00,2.000000000000000000e+00,3.000000000000000000e+00,3.000000000000000000e+00,3.000000000000000000e+00,2.000000000000000000e+00,2.000000000000000000e+00,4.550000000000000000e+02,6.000000000000000000e+00
2.000000000000000000e+00,2.000000000000000000e+00,0.000000000000000000e+00,0.000000000000000000e+00,1.000000000000000000e+01,6.000000000000000000e+00,0.000000000000000000e+00,1.100000000000000000e+01,6.000000000000000000e+00,4.670000000000000000e+02
