4.720000000000000000e+02,0.000000000000000000e+00,4.000000000000000000e+00,0.000000000000000000e+00,0.000000000000000000e+00,0.000000000000000000e+00,2.000000000000000000e+00,0.000000000000000000e+00,1.200000000000000000e+01,0.000000000000000000e+00
0.000000000000000000e+00,5.640000000000000000e+02,3.000000000000000000e+00,0.000000000000000000e+00,0.000000000000000000e+00,0.000000000000000000e+00,0.000000000000000000e+00,0.000000000000000000e+00,0.000000000000000000e+00,0.000000000000000000e+00
0.000000000000000000e+00,0.000000000000000000e+00,5.110000000000000000e+02,2.000000000000000000e+00,1.000000000000000000e+00,0.000000000000000000e+00,0.000000000000000000e+00,2.000000000000000000e+00,0.000000000000000000e+00,0.000000000000000000e+00
0.000000000000000000e+00,0.000000000000000000e+00,5.000000000000000000e+00,4.920000000000000000e+02,0.000000000000000000e+00,2.000000000000000000e+00,0.000000000000000000e+00,5.000000000000000000e+00,1.000000000000000000e+00,0.000000000000000000e+00
1.000000000000000000e+00,0.000000000000000000e+00,0.000000000000000000e+00,0.000000000000000000e+00,4.800000000000000000e+02,0.000000000000000000e+00,2.000000000000000000e+00,0.000000000000000000e+00,0.000000000000000000e+00,8.000000000000000000e+00
0.000000000000000000e+00,0.000000000000000000e+00,0.000000000000000000e+00,1.200000000000000000e+01,0.000000000000000000e+00,4.260000000000000000e+02,1.000000000000000000e+00,0.000000000000000000e+00,5.000000000000000000e+00,2.000000000000000000e+00
0.000000000000000000e+00,0.000000000000000000e+00,1.000000000000000000e+00,0.000000000000000000e+00,1.000000000000000000e+00,1.000000000000000000e+00,4.750000000000000000e+02,0.000000000000000000e+00,1.000000000000000000e+00,0.000000000000000000e+00
0.000000000000000000e+00,1.000000000000000000e+00,1.000000000000000000e+00,2.000000000000000000e+00,2.000000000000000000e+00,0.000000000000000000e+00,0.000000000000000000e+00,4.990000000000000000e+02,0.000000000000000000e+00,9.000000000000000000e+00
7.000000000000000000e+00,1.000000000000000000e+00,5.000000000000000000e+00,1.000000000000000000e+00,1.000000000000000000e+00,1.000000000000000000e+00,2.000000000000000000e+00,1.000000000000000000e+00,4.650000000000000000e+02,3.000000000000000000e+00
0.000000000000000000e+00,4.000000000000000000e+00,0.000000000000000000e+00,6.000000000000000000e+00,7.000000000000000000e+00,3.000000000000000000e+00,0.000000000000000000e+00,9.000000000000000000e+00,4.000000000000000000e+00,4.710000000000000000e+02
4.750000000000000000e+02,0.000000000000000000e+00,2.000000000000000000e+00,1.000000000000000000e+00,0.000000000000000000e+00,0.000000000000000000e+00,5.000000000000000000e+00,0.000000000000000000e+00,7.000000000000000000e+00,0.000000000000000000e+00
1.000000000000000000e+00,5.500000000000000000e+02,3.000000000000000000e+00,1.000000000000000000e+00,1.000000000000000000e+00,3.000000000000000000e+00,4.000000000000000000e+00,1.000000000000000000e+00,1.000000000000000000e+00,3.000000000000000000e+00
0.000000000000000000e+00,0.000000000000000000e+00,4.960000000000000000e+02,8.000000000000000000e+00,1.000000000000000000e+00,1.000000000000000000e+00,1.000000000000000000e+00,4.000000000000000000e+00,4.000000000000000000e+00,1.000000000000000000e+00
0.000000000000000000e+00,0.000000000000000000e+00,3.000000000000000000e+00,4.820000000000000000e+02,0.000000000000000000e+00,4.000000000000000000e+00,0.000000000000000000e+00,7.000000000000000000e+00,8.000000000000000000e+00,1.000000000000000000e+00
0.000000000000000000e+00,2.000000000000000000e+00,1.000000000000000000e+00,1.000000000000000000e+00,4.660000000000000000e+02,0.000000000000000000e+00,2.000000000000000000e+00,3.000000000000000000e+00,3.000000000000000000e+00,1.300000000000000000e+01
0.000000000000000000e+00,0.000000000000000000e+00,1.000000000000000000e+00,7.000000000000000000e+00,1.000000000000000000e+00,4.280000000000000000e+02,1.000000000000000000e+00,2.000000000000000000e+00,4.000000000000000000e+00,2.000000000000000000e+00
3.000000000000000000e+00,3.000000000000000000e+00,5.000000000000000000e+00,0.000000000000000000e+00,1.000000000000000000e+00,1.000000000000000000e+00,4.640000000000000000e+02,0.000000000000000000e+00,2.000000000000000000e+00,0.000000000000000000e+00
0.000000000000000000e+00,0.000000000000000000e+00,1.000000000000000000e+00,5.000000000000000000e+00,3.000000000000000000e+00,0.000000000000000000e+00,0.000000000000000000e+00,4.980000000000000000e+02,0.000000000000000000e+00,7.000000000000000000e+00
6.000000000000000000e+00,2.000000000000000000e+00,2.000000000000000000e+00,2.000000000000000000e+00,2.000000000000000000e+00,2.000000000000000000e+00,4.000000000000000000e+00,1.000000000000000000e+00,4.620000000000000000e+02,4.000000000000000000e+00
1.000000000000000000e+00,1.000000000000000000e+00,0.000000000000000000e+00,1.000000000000000000e+00,9.000000000000000000e+00,7.000000000000000000e+00,0.000000000000000000e+00,1.200000000000000000e+01,6.000000000000000000e+00,4.680000000000000000e+02
