4.790000000000000000e+02,0.000000000000000000e+00,1.000000000000000000e+00,0.000000000000000000e+00,0.000000000000000000e+00,0.000000000000000000e+00,3.000000000000000000e+00,0.000000000000000000e+00,7.000000000000000000e+00,0.000000000000000000e+00
0.000000000000000000e+00,5.640000000000000000e+02,2.000000000000000000e+00,0.000000000000000000e+00,0.000000000000000000e+00,0.000000000000000000e+00,2.000000000000000000e+00,0.000000000000000000e+00,0.000000000000000000e+00,0.000000000000000000e+00
0.000000000000000000e+00,0.000000000000000000e+00,5.090000000000000000e+02,3.000000000000000000e+00,1.000000000000000000e+00,0.000000000000000000e+00,0.000000000000000000e+00,1.000000000000000000e+00,2.000000000000000000e+00,0.000000000000000000e+00
0.000000000000000000e+00,0.000000000000000000e+00,1.000000000000000000e+00,4.980000000000000000e+02,0.000000000000000000e+00,2.000000000000000000e+00,0.000000000000000000e+00,2.000000000000000000e+00,1.000000000000000000e+00,1.000000000000000000e+00
0.000000000000000000e+00,0.000000000000000000e+00,0.000000000000000000e+00,0.000000000000000000e+00,4.780000000000000000e+02,0.000000000000000000e+00,2.000000000000000000e+00,0.000000000000000000e+00,0.000000000000000000e+00,1.100000000000000000e+01
1.000000000000000000e+00,0.000000000000000000e+00,0.000000000000000000e+00,1.000000000000000000e+01,0.000000000000000000e+00,4.300000000000000000e+02,1.000000000000000000e+00,0.000000000000000000e+00,3.000000000000000000e+00,1.000000000000000000e+00
1.000000000000000000e+00,0.000000000000000000e+00,0.000000000000000000e+00,0.000000000000000000e+00,1.000000000000000000e+00,0.000000000000000000e+00,4.770000000000000000e+02,0.000000000000000000e+00,0.000000000000000000e+00,0.000000000000000000e+00
0.000000000000000000e+00,1.000000000000000000e+00,0.000000000000000000e+00,2.000000000000000000e+00,2.000000000000000000e+00,0.000000000000000000e+00,0.000000000000000000e+00,4.980000000000000000e+02,0.000000000000000000e+00,1.100000000000000000e+01
1.200000000000000000e+01,2.000000000000000000e+00,4.000000000000000000e+00,1.000000000000000000e+00,0.000000000000000000e+00,1.000000000000000000e+00,3.000000000000000000e+00,1.000000000000000000e+00,4.600000000000000000e+02,3.000000000000000000e+00
0.000000000000000000e+00,3.000000000000000000e+00,0.000000000000000000e+00,5.000000000000000000e+00,4.000000000000000000e+00,2.000000000000000000e+00,0.000000000000000000e+00,6.000000000000000000e+00,3.000000000000000000e+00,4.820000000000000000e+02
4.760000000000000000e+02,0.000000000000000000e+00,3.000000000000000000e+00,0.000000000000000000e+00,0.000000000000000000e+00,0.000000000000000000e+00,8.000000000000000000e+00,0.000000000000000000e+00,3.000000000000000000e+00,0.000000000000000000e+00
1.000000000000000000e+00,5.490000000000000000e+02,2.000000000000000000e+00,0.000000000000000000e+00,1.000000000000000000e+00,2.000000000000000000e+00,4.000000000000000000e+00,2.000000000000000000e+00,2.000000000000000000e+00,4.000000000000000000e+00
0.000000000000000000e+00,2.000000000000000000e+00,4.950000000000000000e+02,7.000000000000000000e+00,3.000000000000000000e+00,0.000000000000000000e+00,0.000000000000000000e+00,5.000000000000000000e+00,3.000000000000000000e+00,1.000000000000000000e+00
0.000000000000000000e+00,0.000000000000000000e+00,6.000000000000000000e+00,4.780000000000000000e+02,0.000000000000000000e+00,5.000000000000000000e+00,0.000000000000000000e+00,8.000000000000000000e+00,8.000000000000000000e+00,0.000000000000000000e+00
0.000000000000000000e+00,2.000000000000000000e+00,1.000000000000000000e+00,0.000000000000000000e+00,4.650000000000000000e+02,0.000000000000000000e+00,2.000000000000000000e+00,4.000000000000000000e+00,1.000000000000000000e+00,1.600000000000000000e+01
1.000000000000000000e+00,1.000000000000000000e+00,3.000000000000000000e+00,5.000000000000000000e+00,1.000000000000000000e+00,4.210000000000000000e+02,1.000000000000000000e+00,1.000000000000000000e+00,4.000000000000000000e+00,8.000000000000000000e+00
5.000000000000000000e+00,3.000000000000000000e+00,1.000000000000000000e+00,0.000000000000000000e+00,4.000000000000000000e+00,0.000000000000000000e+00,4.620000000000000000e+02,0.000000000000000000e+00,4.000000000000000000e+00,0.000000000000000000e+00
0.000000000000000000e+00,0.000000000000000000e+00,0.000000000000000000e+00,6.000000000000000000e+00,2.000000000000000000e+00,0.000000000000000000e+00,0.000000000000000000e+00,4.940000000000000000e+02,1.000000000000000000e+00,1.100000000000000000e+01
1.200000000000000000e+01,3.000000000000000000e+00,2.000000000000000000e+00,2.000000000000000000e+00,3.000000000000000000e+00,4.000000000000000000e+00,1.000000000000000000e+00,2.000000000000000000e+00,4.490000000000000000e+02,9.000000000000000000e+00
0.000000000000000000e+00,2.000000000000000000e+00,1.000000000000000000e+00,2.000000000000000000e+00,9.000000000000000000e+00,7.000000000000000000e+00,0.000000000000000000e+00,1.200000000000000000e+01,7.000000000000000000e+00,4.640000000000000000e+02
