6.450000000000000000e+02,2.000000000000000000e+00,6.000000000000000000e+00,1.000000000000000000e+00,0.000000000000000000e+00,1.000000000000000000e+00,1.500000000000000000e+01,1.000000000000000000e+00,1.500000000000000000e+01,0.000000000000000000e+00
0.000000000000000000e+00,7.740000000000000000e+02,5.000000000000000000e+00,2.000000000000000000e+00,2.000000000000000000e+00,3.000000000000000000e+00,3.000000000000000000e+00,0.000000000000000000e+00,1.000000000000000000e+00,4.000000000000000000e+00
2.000000000000000000e+00,1.000000000000000000e+00,6.790000000000000000e+02,1.900000000000000000e+01,4.000000000000000000e+00,1.000000000000000000e+00,1.000000000000000000e+00,8.000000000000000000e+00,5.000000000000000000e+00,2.000000000000000000e+00
0.000000000000000000e+00,0.000000000000000000e+00,8.000000000000000000e+00,6.660000000000000000e+02,0.000000000000000000e+00,8.000000000000000000e+00,0.000000000000000000e+00,1.700000000000000000e+01,5.000000000000000000e+00,3.000000000000000000e+00
0.000000000000000000e+00,2.000000000000000000e+00,1.000000000000000000e+00,1.000000000000000000e+00,6.410000000000000000e+02,0.000000000000000000e+00,6.000000000000000000e+00,1.000000000000000000e+00,1.000000000000000000e+00,3.400000000000000000e+01
0.000000000000000000e+00,1.000000000000000000e+00,1.000000000000000000e+00,2.100000000000000000e+01,1.000000000000000000e+00,5.840000000000000000e+02,2.000000000000000000e+00,0.000000000000000000e+00,9.000000000000000000e+00,5.000000000000000000e+00
1.000000000000000000e+00,5.000000000000000000e+00,1.100000000000000000e+01,0.000000000000000000e+00,2.000000000000000000e+00,5.000000000000000000e+00,6.440000000000000000e+02,0.000000000000000000e+00,2.000000000000000000e+00,0.000000000000000000e+00
0.000000000000000000e+00,1.000000000000000000e+00,7.000000000000000000e+00,6.000000000000000000e+00,8.000000000000000000e+00,0.000000000000000000e+00,0.000000000000000000e+00,6.580000000000000000e+02,0.000000000000000000e+00,3.900000000000000000e+01
2.300000000000000000e+01,3.000000000000000000e+00,8.000000000000000000e+00,5.000000000000000000e+00,2.000000000000000000e+00,2.000000000000000000e+00,3.000000000000000000e+00,3.000000000000000000e+00,6.260000000000000000e+02,6.000000000000000000e+00
2.000000000000000000e+00,5.000000000000000000e+00,2.000000000000000000e+00,1.800000000000000000e+01,2.000000000000000000e+01,9.000000000000000000e+00,0.000000000000000000e+00,1.500000000000000000e+01,1.100000000000000000e+01,6.240000000000000000e+02
2.720000000000000000e+02,2.000000000000000000e+00,3.000000000000000000e+00,1.000000000000000000e+00,0.000000000000000000e+00,1.000000000000000000e+00,1.000000000000000000e+01,1.000000000000000000e+00,3.000000000000000000e+00,1.000000000000000000e+00
0.000000000000000000e+00,3.320000000000000000e+02,3.000000000000000000e+00,1.000000000000000000e+00,0.000000000000000000e+00,1.000000000000000000e+00,0.000000000000000000e+00,2.000000000000000000e+00,1.000000000000000000e+00,1.000000000000000000e+00
1.000000000000000000e+00,0.000000000000000000e+00,2.920000000000000000e+02,9.000000000000000000e+00,0.000000000000000000e+00,2.000000000000000000e+00,2.000000000000000000e+00,2.000000000000000000e+00,2.000000000000000000e+00,0.000000000000000000e+00
0.000000000000000000e+00,0.000000000000000000e+00,9.000000000000000000e+00,2.770000000000000000e+02,0.000000000000000000e+00,2.000000000000000000e+00,0.000000000000000000e+00,9.000000000000000000e+00,5.000000000000000000e+00,1.000000000000000000e+00
0.000000000000000000e+00,2.000000000000000000e+00,1.000000000000000000e+00,0.000000000000000000e+00,2.730000000000000000e+02,0.000000000000000000e+00,2.000000000000000000e+00,1.000000000000000000e+00,3.000000000000000000e+00,1.300000000000000000e+01
0.000000000000000000e+00,0.000000000000000000e+00,0.000000000000000000e+00,1.000000000000000000e+01,1.000000000000000000e+00,2.510000000000000000e+02,1.000000000000000000e+00,1.000000000000000000e+00,2.000000000000000000e+00,2.000000000000000000e+00
1.000000000000000000e+00,3.000000000000000000e+00,3.000000000000000000e+00,0.000000000000000000e+00,0.000000000000000000e+00,1.000000000000000000e+00,2.780000000000000000e+02,0.000000000000000000e+00,2.000000000000000000e+00,0.000000000000000000e+00
0.000000000000000000e+00,0.000000000000000000e+00,0.000000000000000000e+00,3.000000000000000000e+00,2.000000000000000000e+00,0.000000000000000000e+00,0.000000000000000000e+00,2.970000000000000000e+02,0.000000000000000000e+00,7.000000000000000000e+00
6.000000000000000000e+00,4.000000000000000000e+00,6.000000000000000000e+00,2.000000000000000000e+00,1.000000000000000000e+00,3.000000000000000000e+00,4.000000000000000000e+00,1.000000000000000000e+00,2.640000000000000000e+02,2.000000000000000000e+00
0.000000000000000000e+00,2.000000000000000000e+00,0.000000000000000000e+00,4.000000000000000000e+00,1.200000000000000000e+01,1.000000000000000000e+00,0.000000000000000000e+00,9.000000000000000000e+00,5.000000000000000000e+00,2.700000000000000000e+02
