4.230000000000000000e+02,5.700000000000000000e+01,3.000000000000000000e+00,4.000000000000000000e+00,0.000000000000000000e+00,0.000000000000000000e+00,0.000000000000000000e+00,1.000000000000000000e+00,0.000000000000000000e+00,2.000000000000000000e+00
3.000000000000000000e+01,4.710000000000000000e+02,5.300000000000000000e+01,6.000000000000000000e+00,1.000000000000000000e+00,0.000000000000000000e+00,5.000000000000000000e+00,1.000000000000000000e+00,0.000000000000000000e+00,0.000000000000000000e+00
4.000000000000000000e+00,3.300000000000000000e+01,3.790000000000000000e+02,4.900000000000000000e+01,4.000000000000000000e+00,1.000000000000000000e+00,2.000000000000000000e+00,4.000000000000000000e+01,0.000000000000000000e+00,4.000000000000000000e+00
3.000000000000000000e+00,8.000000000000000000e+00,1.600000000000000000e+01,4.580000000000000000e+02,0.000000000000000000e+00,0.000000000000000000e+00,0.000000000000000000e+00,1.900000000000000000e+01,0.000000000000000000e+00,1.000000000000000000e+00
8.000000000000000000e+00,8.900000000000000000e+01,2.000000000000000000e+01,4.000000000000000000e+00,2.100000000000000000e+02,0.000000000000000000e+00,2.200000000000000000e+01,2.400000000000000000e+01,0.000000000000000000e+00,1.140000000000000000e+02
1.100000000000000000e+01,6.000000000000000000e+01,3.000000000000000000e+00,3.140000000000000000e+02,1.100000000000000000e+01,4.000000000000000000e+01,1.000000000000000000e+00,3.000000000000000000e+00,0.000000000000000000e+00,3.000000000000000000e+00
4.030000000000000000e+02,5.100000000000000000e+01,1.600000000000000000e+01,3.000000000000000000e+00,1.000000000000000000e+00,0.000000000000000000e+00,2.000000000000000000e+00,0.000000000000000000e+00,0.000000000000000000e+00,3.000000000000000000e+00
0.000000000000000000e+00,7.800000000000000000e+01,3.600000000000000000e+01,5.000000000000000000e+00,3.000000000000000000e+00,0.000000000000000000e+00,0.000000000000000000e+00,3.920000000000000000e+02,0.000000000000000000e+00,0.000000000000000000e+00
1.550000000000000000e+02,2.950000000000000000e+02,1.700000000000000000e+01,3.000000000000000000e+00,1.000000000000000000e+00,0.000000000000000000e+00,3.000000000000000000e+00,6.000000000000000000e+00,0.000000000000000000e+00,7.000000000000000000e+00
1.000000000000000000e+00,1.540000000000000000e+02,1.400000000000000000e+01,2.900000000000000000e+01,4.800000000000000000e+01,0.000000000000000000e+00,4.000000000000000000e+00,1.470000000000000000e+02,0.000000000000000000e+00,1.070000000000000000e+02
4.110000000000000000e+02,6.900000000000000000e+01,4.000000000000000000e+00,2.000000000000000000e+00,0.000000000000000000e+00,0.000000000000000000e+00,2.000000000000000000e+00,0.000000000000000000e+00,0.000000000000000000e+00,2.000000000000000000e+00
3.300000000000000000e+01,4.650000000000000000e+02,5.800000000000000000e+01,5.000000000000000000e+00,0.000000000000000000e+00,0.000000000000000000e+00,6.000000000000000000e+00,1.000000000000000000e+00,0.000000000000000000e+00,0.000000000000000000e+00
3.000000000000000000e+00,2.100000000000000000e+01,3.630000000000000000e+02,7.700000000000000000e+01,6.000000000000000000e+00,1.000000000000000000e+00,1.000000000000000000e+00,3.900000000000000000e+01,0.000000000000000000e+00,5.000000000000000000e+00
0.000000000000000000e+00,1.500000000000000000e+01,1.800000000000000000e+01,4.530000000000000000e+02,0.000000000000000000e+00,1.000000000000000000e+00,0.000000000000000000e+00,1.600000000000000000e+01,0.000000000000000000e+00,2.000000000000000000e+00
9.000000000000000000e+00,1.110000000000000000e+02,1.800000000000000000e+01,4.000000000000000000e+00,2.040000000000000000e+02,0.000000000000000000e+00,1.900000000000000000e+01,1.700000000000000000e+01,0.000000000000000000e+00,1.090000000000000000e+02
8.000000000000000000e+00,4.900000000000000000e+01,6.000000000000000000e+00,3.230000000000000000e+02,5.000000000000000000e+00,4.500000000000000000e+01,0.000000000000000000e+00,8.000000000000000000e+00,0.000000000000000000e+00,2.000000000000000000e+00
4.200000000000000000e+02,3.400000000000000000e+01,1.600000000000000000e+01,1.000000000000000000e+00,0.000000000000000000e+00,1.000000000000000000e+00,3.000000000000000000e+00,0.000000000000000000e+00,0.000000000000000000e+00,4.000000000000000000e+00
0.000000000000000000e+00,9.400000000000000000e+01,2.100000000000000000e+01,8.000000000000000000e+00,8.000000000000000000e+00,0.000000000000000000e+00,0.000000000000000000e+00,3.830000000000000000e+02,0.000000000000000000e+00,0.000000000000000000e+00
1.440000000000000000e+02,3.010000000000000000e+02,1.600000000000000000e+01,5.000000000000000000e+00,1.000000000000000000e+00,0.000000000000000000e+00,1.000000000000000000e+00,4.000000000000000000e+00,0.000000000000000000e+00,1.500000000000000000e+01
2.000000000000000000e+00,1.580000000000000000e+02,1.400000000000000000e+01,6.000000000000000000e+00,5.500000000000000000e+01,0.000000000000000000e+00,3.000000000000000000e+00,1.500000000000000000e+02,0.000000000000000000e+00,1.170000000000000000e+02
