4.720000000000000000e+02,0.000000000000000000e+00,0.000000000000000000e+00,0.000000000000000000e+00,0.000000000000000000e+00,0.000000000000000000e+00,0.000000000000000000e+00,0.000000000000000000e+00,5.000000000000000000e+00,0.000000000000000000e+00,1.300000000000000000e+01
0.000000000000000000e+00,5.610000000000000000e+02,1.000000000000000000e+00,0.000000000000000000e+00,0.000000000000000000e+00,0.000000000000000000e+00,0.000000000000000000e+00,0.000000000000000000e+00,0.000000000000000000e+00,0.000000000000000000e+00,5.000000000000000000e+00
0.000000000000000000e+00,0.000000000000000000e+00,5.000000000000000000e+02,1.000000000000000000e+00,0.000000000000000000e+00,0.000000000000000000e+00,0.000000000000000000e+00,0.000000000000000000e+00,0.000000000000000000e+00,0.000000000000000000e+00,1.500000000000000000e+01
0.000000000000000000e+00,0.000000000000000000e+00,3.000000000000000000e+00,4.810000000000000000e+02,0.000000000000000000e+00,0.000000000000000000e+00,0.000000000000000000e+00,1.000000000000000000e+00,0.000000000000000000e+00,0.000000000000000000e+00,2.000000000000000000e+01
0.000000000000000000e+00,1.000000000000000000e+00,0.000000000000000000e+00,0.000000000000000000e+00,4.780000000000000000e+02,0.000000000000000000e+00,1.000000000000000000e+00,0.000000000000000000e+00,0.000000000000000000e+00,3.000000000000000000e+00,8.000000000000000000e+00
0.000000000000000000e+00,0.000000000000000000e+00,0.000000000000000000e+00,1.200000000000000000e+01,0.000000000000000000e+00,4.190000000000000000e+02,1.000000000000000000e+00,0.000000000000000000e+00,3.000000000000000000e+00,0.000000000000000000e+00,1.100000000000000000e+01
0.000000000000000000e+00,0.000000000000000000e+00,1.000000000000000000e+00,0.000000000000000000e+00,4.000000000000000000e+00,0.000000000000000000e+00,4.600000000000000000e+02,0.000000000000000000e+00,0.000000000000000000e+00,0.000000000000000000e+00,1.400000000000000000e+01
0.000000000000000000e+00,1.000000000000000000e+00,0.000000000000000000e+00,2.000000000000000000e+00,1.000000000000000000e+00,0.000000000000000000e+00,0.000000000000000000e+00,4.830000000000000000e+02,0.000000000000000000e+00,5.000000000000000000e+00,2.200000000000000000e+01
5.000000000000000000e+00,1.000000000000000000e+00,2.000000000000000000e+00,1.000000000000000000e+00,0.000000000000000000e+00,2.000000000000000000e+00,1.000000000000000000e+00,0.000000000000000000e+00,4.270000000000000000e+02,0.000000000000000000e+00,4.800000000000000000e+01
0.000000000000000000e+00,2.000000000000000000e+00,0.000000000000000000e+00,3.000000000000000000e+00,5.000000000000000000e+00,3.000000000000000000e+00,0.000000000000000000e+00,5.000000000000000000e+00,7.000000000000000000e+00,4.500000000000000000e+02,2.900000000000000000e+01
0.000000000000000000e+00,0.000000000000000000e+00,0.000000000000000000e+00,0.000000000000000000e+00,0.000000000000000000e+00,0.000000000000000000e+00,0.000000000000000000e+00,0.000000000000000000e+00,0.000000000000000000e+00,0.000000000000000000e+00,0.000000000000000000e+00
4.700000000000000000e+02,0.000000000000000000e+00,0.000000000000000000e+00,0.000000000000000000e+00,1.000000000000000000e+00,0.000000000000000000e+00,3.000000000000000000e+00,1.000000000000000000e+00,3.000000000000000000e+00,0.000000000000000000e+00,1.200000000000000000e+01
0.000000000000000000e+00,5.530000000000000000e+02,1.000000000000000000e+00,1.000000000000000000e+00,0.000000000000000000e+00,0.000000000000000000e+00,1.000000000000000000e+00,0.000000000000000000e+00,0.000000000000000000e+00,0.000000000000000000e+00,1.200000000000000000e+01
0.000000000000000000e+00,0.000000000000000000e+00,4.810000000000000000e+02,4.000000000000000000e+00,0.000000000000000000e+00,0.000000000000000000e+00,0.000000000000000000e+00,1.000000000000000000e+00,1.000000000000000000e+00,0.000000000000000000e+00,2.900000000000000000e+01
0.000000000000000000e+00,0.000000000000000000e+00,3.000000000000000000e+00,4.530000000000000000e+02,0.000000000000000000e+00,2.000000000000000000e+00,0.000000000000000000e+00,5.000000000000000000e+00,3.000000000000000000e+00,0.000000000000000000e+00,3.900000000000000000e+01
0.000000000000000000e+00,1.000000000000000000e+00,0.000000000000000000e+00,0.000000000000000000e+00,4.550000000000000000e+02,0.000000000000000000e+00,1.000000000000000000e+00,1.000000000000000000e+00,3.000000000000000000e+00,5.000000000000000000e+00,2.500000000000000000e+01
0.000000000000000000e+00,0.000000000000000000e+00,0.000000000000000000e+00,1.000000000000000000e+01,1.000000000000000000e+00,4.070000000000000000e+02,1.000000000000000000e+00,0.000000000000000000e+00,3.000000000000000000e+00,0.000000000000000000e+00,2.400000000000000000e+01
1.000000000000000000e+00,2.000000000000000000e+00,3.000000000000000000e+00,0.000000000000000000e+00,0.000000000000000000e+00,0.000000000000000000e+00,4.540000000000000000e+02,0.000000000000000000e+00,1.000000000000000000e+00,0.000000000000000000e+00,1.800000000000000000e+01
1.000000000000000000e+00,0.000000000000000000e+00,1.000000000000000000e+00,3.000000000000000000e+00,1.000000000000000000e+00,0.000000000000000000e+00,0.000000000000000000e+00,4.830000000000000000e+02,0.000000000000000000e+00,2.000000000000000000e+00,2.300000000000000000e+01
5.000000000000000000e+00,1.000000000000000000e+00,1.000000000000000000e+00,1.000000000000000000e+00,2.000000000000000000e+00,3.000000000000000000e+00,3.000000000000000000e+00,0.000000000000000000e+00,4.220000000000000000e+02,1.000000000000000000e+00,4.800000000000000000e+01
1.000000000000000000e+00,2.000000000000000000e+00,0.000000000000000000e+00,2.000000000000000000e+00,1.000000000000000000e+01,3.000000000000000000e+00,0.000000000000000000e+00,1.400000000000000000e+01,6.000000000000000000e+00,4.320000000000000000e+02,3.500000000000000000e+01
7.600000000000000000e+02,6.324000000000000000e+03,1.267000000000000000e+03,9.600000000000000000e+01,1.961000000000000000e+03,1.467000000000000000e+03,3.973000000000000000e+03,3.490000000000000000e+02,9.570000000000000000e+02,2.500000000000000000e+02,8.979000000000000000e+03
