4.680000000000000000e+02,0.000000000000000000e+00,3.000000000000000000e+00,0.000000000000000000e+00,0.000000000000000000e+00,1.000000000000000000e+00,3.000000000000000000e+00,0.000000000000000000e+00,1.400000000000000000e+01,1.000000000000000000e+00
0.000000000000000000e+00,5.630000000000000000e+02,3.000000000000000000e+00,0.000000000000000000e+00,0.000000000000000000e+00,0.000000000000000000e+00,1.000000000000000000e+00,0.000000000000000000e+00,0.000000000000000000e+00,0.000000000000000000e+00
0.000000000000000000e+00,0.000000000000000000e+00,5.100000000000000000e+02,2.000000000000000000e+00,0.000000000000000000e+00,0.000000000000000000e+00,0.000000000000000000e+00,3.000000000000000000e+00,1.000000000000000000e+00,0.000000000000000000e+00
0.000000000000000000e+00,0.000000000000000000e+00,5.000000000000000000e+00,4.930000000000000000e+02,0.000000000000000000e+00,2.000000000000000000e+00,0.000000000000000000e+00,4.000000000000000000e+00,1.000000000000000000e+00,0.000000000000000000e+00
0.000000000000000000e+00,0.000000000000000000e+00,0.000000000000000000e+00,0.000000000000000000e+00,4.770000000000000000e+02,0.000000000000000000e+00,4.000000000000000000e+00,0.000000000000000000e+00,0.000000000000000000e+00,1.000000000000000000e+01
0.000000000000000000e+00,0.000000000000000000e+00,0.000000000000000000e+00,1.200000000000000000e+01,0.000000000000000000e+00,4.260000000000000000e+02,1.000000000000000000e+00,0.000000000000000000e+00,5.000000000000000000e+00,2.000000000000000000e+00
0.000000000000000000e+00,1.000000000000000000e+00,2.000000000000000000e+00,0.000000000000000000e+00,1.000000000000000000e+00,1.000000000000000000e+00,4.730000000000000000e+02,0.000000000000000000e+00,1.000000000000000000e+00,0.000000000000000000e+00
0.000000000000000000e+00,1.000000000000000000e+00,2.000000000000000000e+00,2.000000000000000000e+00,2.000000000000000000e+00,0.000000000000000000e+00,0.000000000000000000e+00,4.960000000000000000e+02,0.000000000000000000e+00,1.100000000000000000e+01
1.100000000000000000e+01,1.000000000000000000e+00,4.000000000000000000e+00,1.000000000000000000e+00,1.000000000000000000e+00,1.000000000000000000e+00,2.000000000000000000e+00,1.000000000000000000e+00,4.620000000000000000e+02,3.000000000000000000e+00
0.000000000000000000e+00,4.000000000000000000e+00,0.000000000000000000e+00,1.000000000000000000e+01,8.000000000000000000e+00,3.000000000000000000e+00,0.000000000000000000e+00,1.100000000000000000e+01,6.000000000000000000e+00,4.620000000000000000e+02
4.670000000000000000e+02,0.000000000000000000e+00,3.000000000000000000e+00,1.000000000000000000e+00,0.000000000000000000e+00,0.000000000000000000e+00,1.000000000000000000e+01,0.000000000000000000e+00,8.000000000000000000e+00,1.000000000000000000e+00
0.000000000000000000e+00,5.550000000000000000e+02,2.000000000000000000e+00,2.000000000000000000e+00,1.000000000000000000e+00,1.000000000000000000e+00,3.000000000000000000e+00,2.000000000000000000e+00,0.000000000000000000e+00,2.000000000000000000e+00
0.000000000000000000e+00,0.000000000000000000e+00,4.950000000000000000e+02,1.000000000000000000e+01,1.000000000000000000e+00,1.000000000000000000e+00,0.000000000000000000e+00,5.000000000000000000e+00,3.000000000000000000e+00,1.000000000000000000e+00
0.000000000000000000e+00,0.000000000000000000e+00,3.000000000000000000e+00,4.830000000000000000e+02,0.000000000000000000e+00,3.000000000000000000e+00,0.000000000000000000e+00,7.000000000000000000e+00,8.000000000000000000e+00,1.000000000000000000e+00
0.000000000000000000e+00,1.000000000000000000e+00,1.000000000000000000e+00,0.000000000000000000e+00,4.660000000000000000e+02,0.000000000000000000e+00,2.000000000000000000e+00,5.000000000000000000e+00,3.000000000000000000e+00,1.300000000000000000e+01
0.000000000000000000e+00,0.000000000000000000e+00,1.000000000000000000e+00,8.000000000000000000e+00,1.000000000000000000e+00,4.250000000000000000e+02,1.000000000000000000e+00,1.000000000000000000e+00,5.000000000000000000e+00,4.000000000000000000e+00
1.000000000000000000e+00,3.000000000000000000e+00,3.000000000000000000e+00,0.000000000000000000e+00,1.000000000000000000e+00,1.000000000000000000e+00,4.680000000000000000e+02,0.000000000000000000e+00,2.000000000000000000e+00,0.000000000000000000e+00
0.000000000000000000e+00,0.000000000000000000e+00,2.000000000000000000e+00,2.000000000000000000e+00,2.000000000000000000e+00,1.000000000000000000e+00,0.000000000000000000e+00,5.020000000000000000e+02,0.000000000000000000e+00,5.000000000000000000e+00
8.000000000000000000e+00,4.000000000000000000e+00,2.000000000000000000e+00,2.000000000000000000e+00,2.000000000000000000e+00,2.000000000000000000e+00,4.000000000000000000e+00,1.000000000000000000e+00,4.580000000000000000e+02,4.000000000000000000e+00
1.000000000000000000e+00,4.000000000000000000e+00,0.000000000000000000e+00,1.000000000000000000e+00,1.000000000000000000e+01,5.000000000000000000e+00,0.000000000000000000e+00,1.200000000000000000e+01,6.000000000000000000e+00,4.660000000000000000e+02
