4.470000000000000000e+02,1.000000000000000000e+00,1.000000000000000000e+00,0.000000000000000000e+00,0.000000000000000000e+00,0.000000000000000000e+00,0.000000000000000000e+00,0.000000000000000000e+00,4.000000000000000000e+00,0.000000000000000000e+00,3.700000000000000000e+01
0.000000000000000000e+00,5.530000000000000000e+02,3.000000000000000000e+00,1.000000000000000000e+00,1.000000000000000000e+00,2.000000000000000000e+00,0.000000000000000000e+00,0.000000000000000000e+00,0.000000000000000000e+00,0.000000000000000000e+00,7.000000000000000000e+00
0.000000000000000000e+00,0.000000000000000000e+00,4.470000000000000000e+02,3.000000000000000000e+00,1.000000000000000000e+00,0.000000000000000000e+00,0.000000000000000000e+00,3.000000000000000000e+00,0.000000000000000000e+00,0.000000000000000000e+00,6.200000000000000000e+01
0.000000000000000000e+00,0.000000000000000000e+00,1.000000000000000000e+00,4.470000000000000000e+02,0.000000000000000000e+00,0.000000000000000000e+00,0.000000000000000000e+00,4.000000000000000000e+00,0.000000000000000000e+00,0.000000000000000000e+00,5.300000000000000000e+01
0.000000000000000000e+00,1.000000000000000000e+00,1.000000000000000000e+00,0.000000000000000000e+00,4.290000000000000000e+02,0.000000000000000000e+00,2.000000000000000000e+00,0.000000000000000000e+00,0.000000000000000000e+00,8.000000000000000000e+00,5.000000000000000000e+01
0.000000000000000000e+00,0.000000000000000000e+00,0.000000000000000000e+00,1.600000000000000000e+01,0.000000000000000000e+00,3.970000000000000000e+02,1.000000000000000000e+00,0.000000000000000000e+00,2.000000000000000000e+00,0.000000000000000000e+00,3.000000000000000000e+01
0.000000000000000000e+00,0.000000000000000000e+00,5.000000000000000000e+00,0.000000000000000000e+00,7.000000000000000000e+00,1.000000000000000000e+00,4.290000000000000000e+02,0.000000000000000000e+00,0.000000000000000000e+00,0.000000000000000000e+00,3.700000000000000000e+01
0.000000000000000000e+00,2.000000000000000000e+00,0.000000000000000000e+00,3.000000000000000000e+00,2.000000000000000000e+00,0.000000000000000000e+00,0.000000000000000000e+00,4.330000000000000000e+02,0.000000000000000000e+00,8.000000000000000000e+00,6.600000000000000000e+01
1.000000000000000000e+01,2.000000000000000000e+00,2.000000000000000000e+00,0.000000000000000000e+00,0.000000000000000000e+00,1.000000000000000000e+00,1.000000000000000000e+00,0.000000000000000000e+00,3.580000000000000000e+02,0.000000000000000000e+00,1.130000000000000000e+02
0.000000000000000000e+00,3.000000000000000000e+00,0.000000000000000000e+00,9.000000000000000000e+00,7.000000000000000000e+00,3.000000000000000000e+00,0.000000000000000000e+00,7.000000000000000000e+00,1.000000000000000000e+01,3.810000000000000000e+02,8.400000000000000000e+01
0.000000000000000000e+00,0.000000000000000000e+00,0.000000000000000000e+00,0.000000000000000000e+00,0.000000000000000000e+00,0.000000000000000000e+00,0.000000000000000000e+00,0.000000000000000000e+00,0.000000000000000000e+00,0.000000000000000000e+00,0.000000000000000000e+00
4.520000000000000000e+02,0.000000000000000000e+00,0.000000000000000000e+00,1.000000000000000000e+00,1.000000000000000000e+00,0.000000000000000000e+00,3.000000000000000000e+00,0.000000000000000000e+00,2.000000000000000000e+00,0.000000000000000000e+00,3.100000000000000000e+01
0.000000000000000000e+00,5.470000000000000000e+02,2.000000000000000000e+00,1.000000000000000000e+00,0.000000000000000000e+00,2.000000000000000000e+00,1.000000000000000000e+00,1.000000000000000000e+00,0.000000000000000000e+00,0.000000000000000000e+00,1.400000000000000000e+01
0.000000000000000000e+00,0.000000000000000000e+00,4.390000000000000000e+02,6.000000000000000000e+00,0.000000000000000000e+00,0.000000000000000000e+00,0.000000000000000000e+00,2.000000000000000000e+00,1.000000000000000000e+00,0.000000000000000000e+00,6.800000000000000000e+01
0.000000000000000000e+00,0.000000000000000000e+00,2.000000000000000000e+00,4.360000000000000000e+02,0.000000000000000000e+00,1.000000000000000000e+00,0.000000000000000000e+00,5.000000000000000000e+00,3.000000000000000000e+00,0.000000000000000000e+00,5.800000000000000000e+01
0.000000000000000000e+00,1.000000000000000000e+00,1.000000000000000000e+00,0.000000000000000000e+00,4.240000000000000000e+02,0.000000000000000000e+00,3.000000000000000000e+00,0.000000000000000000e+00,4.000000000000000000e+00,8.000000000000000000e+00,5.000000000000000000e+01
1.000000000000000000e+00,0.000000000000000000e+00,0.000000000000000000e+00,1.600000000000000000e+01,0.000000000000000000e+00,3.910000000000000000e+02,1.000000000000000000e+00,1.000000000000000000e+00,0.000000000000000000e+00,0.000000000000000000e+00,3.600000000000000000e+01
0.000000000000000000e+00,2.000000000000000000e+00,1.000000000000000000e+00,0.000000000000000000e+00,1.000000000000000000e+00,1.000000000000000000e+00,4.400000000000000000e+02,0.000000000000000000e+00,1.000000000000000000e+00,0.000000000000000000e+00,3.300000000000000000e+01
1.000000000000000000e+00,0.000000000000000000e+00,1.000000000000000000e+00,1.000000000000000000e+00,4.000000000000000000e+00,0.000000000000000000e+00,0.000000000000000000e+00,4.470000000000000000e+02,0.000000000000000000e+00,3.000000000000000000e+00,5.700000000000000000e+01
5.000000000000000000e+00,2.000000000000000000e+00,1.000000000000000000e+00,0.000000000000000000e+00,1.000000000000000000e+00,3.000000000000000000e+00,3.000000000000000000e+00,0.000000000000000000e+00,3.720000000000000000e+02,0.000000000000000000e+00,1.000000000000000000e+02
0.000000000000000000e+00,0.000000000000000000e+00,0.000000000000000000e+00,1.000000000000000000e+00,1.300000000000000000e+01,2.000000000000000000e+00,0.000000000000000000e+00,1.100000000000000000e+01,8.000000000000000000e+00,3.860000000000000000e+02,8.400000000000000000e+01
5.410000000000000000e+02,2.938000000000000000e+03,1.231000000000000000e+03,1.210000000000000000e+02,2.782000000000000000e+03,4.502000000000000000e+03,2.526000000000000000e+03,1.980000000000000000e+02,6.320000000000000000e+02,2.470000000000000000e+02,1.066500000000000000e+04
