1.140000000000000000e+02,5.650000000000000000e+02,4.000000000000000000e+00,2.000000000000000000e+00,1.000000000000000000e+00,0.000000000000000000e+00,0.000000000000000000e+00,0.000000000000000000e+00,0.000000000000000000e+00,0.000000000000000000e+00
1.900000000000000000e+01,7.020000000000000000e+02,6.600000000000000000e+01,2.000000000000000000e+00,3.000000000000000000e+00,0.000000000000000000e+00,2.000000000000000000e+00,0.000000000000000000e+00,0.000000000000000000e+00,0.000000000000000000e+00
1.000000000000000000e+00,1.030000000000000000e+02,5.630000000000000000e+02,1.300000000000000000e+01,9.000000000000000000e+00,0.000000000000000000e+00,0.000000000000000000e+00,3.300000000000000000e+01,0.000000000000000000e+00,0.000000000000000000e+00
0.000000000000000000e+00,4.700000000000000000e+01,2.740000000000000000e+02,3.570000000000000000e+02,0.000000000000000000e+00,0.000000000000000000e+00,0.000000000000000000e+00,2.900000000000000000e+01,0.000000000000000000e+00,0.000000000000000000e+00
1.000000000000000000e+00,3.190000000000000000e+02,2.200000000000000000e+01,0.000000000000000000e+00,2.790000000000000000e+02,0.000000000000000000e+00,4.000000000000000000e+00,4.800000000000000000e+01,0.000000000000000000e+00,1.400000000000000000e+01
3.000000000000000000e+00,1.540000000000000000e+02,9.500000000000000000e+01,3.480000000000000000e+02,2.000000000000000000e+00,7.000000000000000000e+00,0.000000000000000000e+00,1.400000000000000000e+01,0.000000000000000000e+00,1.000000000000000000e+00
4.430000000000000000e+02,1.740000000000000000e+02,2.100000000000000000e+01,1.000000000000000000e+00,6.000000000000000000e+00,0.000000000000000000e+00,2.400000000000000000e+01,0.000000000000000000e+00,0.000000000000000000e+00,1.000000000000000000e+00
0.000000000000000000e+00,2.260000000000000000e+02,4.000000000000000000e+01,1.000000000000000000e+00,0.000000000000000000e+00,0.000000000000000000e+00,0.000000000000000000e+00,4.520000000000000000e+02,0.000000000000000000e+00,0.000000000000000000e+00
3.000000000000000000e+01,6.190000000000000000e+02,2.600000000000000000e+01,1.000000000000000000e+00,1.000000000000000000e+00,0.000000000000000000e+00,2.000000000000000000e+00,2.000000000000000000e+00,0.000000000000000000e+00,0.000000000000000000e+00
0.000000000000000000e+00,3.620000000000000000e+02,1.800000000000000000e+01,1.200000000000000000e+01,6.500000000000000000e+01,0.000000000000000000e+00,0.000000000000000000e+00,2.240000000000000000e+02,0.000000000000000000e+00,2.500000000000000000e+01
4.800000000000000000e+01,2.380000000000000000e+02,5.000000000000000000e+00,0.000000000000000000e+00,1.000000000000000000e+00,0.000000000000000000e+00,1.000000000000000000e+00,1.000000000000000000e+00,0.000000000000000000e+00,0.000000000000000000e+00
7.000000000000000000e+00,2.990000000000000000e+02,3.100000000000000000e+01,1.000000000000000000e+00,1.000000000000000000e+00,0.000000000000000000e+00,1.000000000000000000e+00,0.000000000000000000e+00,0.000000000000000000e+00,1.000000000000000000e+00
0.000000000000000000e+00,5.200000000000000000e+01,2.370000000000000000e+02,7.000000000000000000e+00,3.000000000000000000e+00,0.000000000000000000e+00,0.000000000000000000e+00,1.100000000000000000e+01,0.000000000000000000e+00,0.000000000000000000e+00
0.000000000000000000e+00,2.400000000000000000e+01,1.280000000000000000e+02,1.390000000000000000e+02,0.000000000000000000e+00,0.000000000000000000e+00,0.000000000000000000e+00,1.200000000000000000e+01,0.000000000000000000e+00,0.000000000000000000e+00
0.000000000000000000e+00,1.630000000000000000e+02,9.000000000000000000e+00,0.000000000000000000e+00,1.030000000000000000e+02,0.000000000000000000e+00,0.000000000000000000e+00,1.700000000000000000e+01,0.000000000000000000e+00,3.000000000000000000e+00
0.000000000000000000e+00,5.300000000000000000e+01,3.900000000000000000e+01,1.650000000000000000e+02,0.000000000000000000e+00,6.000000000000000000e+00,0.000000000000000000e+00,5.000000000000000000e+00,0.000000000000000000e+00,0.000000000000000000e+00
1.970000000000000000e+02,7.700000000000000000e+01,7.000000000000000000e+00,0.000000000000000000e+00,1.000000000000000000e+00,0.000000000000000000e+00,6.000000000000000000e+00,0.000000000000000000e+00,0.000000000000000000e+00,0.000000000000000000e+00
0.000000000000000000e+00,9.600000000000000000e+01,8.000000000000000000e+00,0.000000000000000000e+00,0.000000000000000000e+00,0.000000000000000000e+00,0.000000000000000000e+00,2.050000000000000000e+02,0.000000000000000000e+00,0.000000000000000000e+00
6.000000000000000000e+00,2.680000000000000000e+02,1.500000000000000000e+01,2.000000000000000000e+00,0.000000000000000000e+00,0.000000000000000000e+00,1.000000000000000000e+00,1.000000000000000000e+00,0.000000000000000000e+00,0.000000000000000000e+00
1.000000000000000000e+00,1.500000000000000000e+02,8.000000000000000000e+00,1.000000000000000000e+00,2.500000000000000000e+01,0.000000000000000000e+00,0.000000000000000000e+00,1.110000000000000000e+02,0.000000000000000000e+00,7.000000000000000000e+00
