8.000000000000000000e+00,2.600000000000000000e+01,1.000000000000000000e+00,1.000000000000000000e+00,0.000000000000000000e+00,1.000000000000000000e+00,1.000000000000000000e+00,0.000000000000000000e+00,0.000000000000000000e+00,4.000000000000000000e+00,4.480000000000000000e+02
0.000000000000000000e+00,1.840000000000000000e+02,0.000000000000000000e+00,0.000000000000000000e+00,0.000000000000000000e+00,0.000000000000000000e+00,1.000000000000000000e+00,0.000000000000000000e+00,0.000000000000000000e+00,9.000000000000000000e+00,3.730000000000000000e+02
2.000000000000000000e+00,3.000000000000000000e+00,3.300000000000000000e+01,3.000000000000000000e+00,1.000000000000000000e+00,9.000000000000000000e+00,0.000000000000000000e+00,1.000000000000000000e+00,0.000000000000000000e+00,8.000000000000000000e+00,4.560000000000000000e+02
0.000000000000000000e+00,0.000000000000000000e+00,2.000000000000000000e+00,1.670000000000000000e+02,3.000000000000000000e+00,1.300000000000000000e+01,0.000000000000000000e+00,2.000000000000000000e+00,0.000000000000000000e+00,0.000000000000000000e+00,3.180000000000000000e+02
0.000000000000000000e+00,3.000000000000000000e+00,0.000000000000000000e+00,1.900000000000000000e+01,4.900000000000000000e+01,9.000000000000000000e+00,0.000000000000000000e+00,1.000000000000000000e+01,0.000000000000000000e+00,0.000000000000000000e+00,4.010000000000000000e+02
0.000000000000000000e+00,0.000000000000000000e+00,4.000000000000000000e+00,3.300000000000000000e+01,5.000000000000000000e+00,7.900000000000000000e+01,0.000000000000000000e+00,5.000000000000000000e+00,0.000000000000000000e+00,1.000000000000000000e+00,3.190000000000000000e+02
0.000000000000000000e+00,1.300000000000000000e+01,0.000000000000000000e+00,0.000000000000000000e+00,1.000000000000000000e+00,0.000000000000000000e+00,7.000000000000000000e+00,0.000000000000000000e+00,0.000000000000000000e+00,4.000000000000000000e+00,4.540000000000000000e+02
0.000000000000000000e+00,2.000000000000000000e+00,3.000000000000000000e+00,5.000000000000000000e+00,8.000000000000000000e+00,1.000000000000000000e+00,0.000000000000000000e+00,6.500000000000000000e+01,0.000000000000000000e+00,7.000000000000000000e+00,4.230000000000000000e+02
2.000000000000000000e+00,1.500000000000000000e+01,1.000000000000000000e+00,5.000000000000000000e+00,0.000000000000000000e+00,1.000000000000000000e+00,0.000000000000000000e+00,0.000000000000000000e+00,6.000000000000000000e+00,5.000000000000000000e+00,4.520000000000000000e+02
0.000000000000000000e+00,2.000000000000000000e+00,2.000000000000000000e+00,2.000000000000000000e+00,2.000000000000000000e+00,1.000000000000000000e+00,0.000000000000000000e+00,2.000000000000000000e+00,0.000000000000000000e+00,5.300000000000000000e+01,4.400000000000000000e+02
0.000000000000000000e+00,0.000000000000000000e+00,0.000000000000000000e+00,0.000000000000000000e+00,0.000000000000000000e+00,0.000000000000000000e+00,0.000000000000000000e+00,0.000000000000000000e+00,0.000000000000000000e+00,0.000000000000000000e+00,0.000000000000000000e+00
2.000000000000000000e+00,1.700000000000000000e+01,1.000000000000000000e+00,1.000000000000000000e+00,0.000000000000000000e+00,1.000000000000000000e+00,0.000000000000000000e+00,0.000000000000000000e+00,1.000000000000000000e+00,3.000000000000000000e+00,4.640000000000000000e+02
0.000000000000000000e+00,1.700000000000000000e+02,0.000000000000000000e+00,0.000000000000000000e+00,1.000000000000000000e+00,1.000000000000000000e+00,0.000000000000000000e+00,2.000000000000000000e+00,0.000000000000000000e+00,5.000000000000000000e+00,3.890000000000000000e+02
2.000000000000000000e+00,0.000000000000000000e+00,8.000000000000000000e+00,1.700000000000000000e+01,6.000000000000000000e+00,1.500000000000000000e+01,0.000000000000000000e+00,8.000000000000000000e+00,1.000000000000000000e+00,1.700000000000000000e+01,4.420000000000000000e+02
1.000000000000000000e+00,0.000000000000000000e+00,1.200000000000000000e+01,9.400000000000000000e+01,1.400000000000000000e+01,3.000000000000000000e+01,0.000000000000000000e+00,5.000000000000000000e+00,1.000000000000000000e+00,2.000000000000000000e+00,3.460000000000000000e+02
0.000000000000000000e+00,1.000000000000000000e+01,1.000000000000000000e+01,3.200000000000000000e+01,1.300000000000000000e+01,2.400000000000000000e+01,0.000000000000000000e+00,1.300000000000000000e+01,0.000000000000000000e+00,3.000000000000000000e+00,3.860000000000000000e+02
1.000000000000000000e+00,0.000000000000000000e+00,6.000000000000000000e+00,4.500000000000000000e+01,7.000000000000000000e+00,3.100000000000000000e+01,0.000000000000000000e+00,9.000000000000000000e+00,3.000000000000000000e+00,3.000000000000000000e+00,3.410000000000000000e+02
0.000000000000000000e+00,1.300000000000000000e+01,0.000000000000000000e+00,1.000000000000000000e+00,0.000000000000000000e+00,1.000000000000000000e+00,1.000000000000000000e+00,1.000000000000000000e+00,0.000000000000000000e+00,4.000000000000000000e+00,4.580000000000000000e+02
0.000000000000000000e+00,4.000000000000000000e+00,1.200000000000000000e+01,7.000000000000000000e+00,9.000000000000000000e+00,1.500000000000000000e+01,0.000000000000000000e+00,2.800000000000000000e+01,0.000000000000000000e+00,8.000000000000000000e+00,4.310000000000000000e+02
2.000000000000000000e+00,1.300000000000000000e+01,1.000000000000000000e+00,6.000000000000000000e+00,0.000000000000000000e+00,0.000000000000000000e+00,1.000000000000000000e+00,0.000000000000000000e+00,0.000000000000000000e+00,7.000000000000000000e+00,4.570000000000000000e+02
1.000000000000000000e+00,0.000000000000000000e+00,2.000000000000000000e+00,1.000000000000000000e+00,1.000000000000000000e+00,0.000000000000000000e+00,0.000000000000000000e+00,7.000000000000000000e+00,0.000000000000000000e+00,4.300000000000000000e+01,4.500000000000000000e+02
1.470000000000000000e+02,7.310000000000000000e+02,2.990000000000000000e+02,1.745000000000000000e+03,2.420000000000000000e+02,6.230000000000000000e+02,2.070000000000000000e+02,1.750000000000000000e+02,3.780000000000000000e+02,1.920000000000000000e+02,2.164400000000000000e+04
