4.740000000000000000e+02,0.000000000000000000e+00,2.000000000000000000e+00,0.000000000000000000e+00,0.000000000000000000e+00,0.000000000000000000e+00,2.000000000000000000e+00,0.000000000000000000e+00,1.100000000000000000e+01,1.000000000000000000e+00
0.000000000000000000e+00,5.630000000000000000e+02,3.000000000000000000e+00,0.000000000000000000e+00,0.000000000000000000e+00,0.000000000000000000e+00,1.000000000000000000e+00,0.000000000000000000e+00,0.000000000000000000e+00,0.000000000000000000e+00
0.000000000000000000e+00,0.000000000000000000e+00,5.120000000000000000e+02,1.000000000000000000e+00,1.000000000000000000e+00,0.000000000000000000e+00,0.000000000000000000e+00,1.000000000000000000e+00,1.000000000000000000e+00,0.000000000000000000e+00
0.000000000000000000e+00,0.000000000000000000e+00,6.000000000000000000e+00,4.900000000000000000e+02,0.000000000000000000e+00,2.000000000000000000e+00,0.000000000000000000e+00,5.000000000000000000e+00,1.000000000000000000e+00,1.000000000000000000e+00
1.000000000000000000e+00,0.000000000000000000e+00,0.000000000000000000e+00,0.000000000000000000e+00,4.810000000000000000e+02,0.000000000000000000e+00,3.000000000000000000e+00,0.000000000000000000e+00,0.000000000000000000e+00,6.000000000000000000e+00
1.000000000000000000e+00,0.000000000000000000e+00,0.000000000000000000e+00,1.200000000000000000e+01,0.000000000000000000e+00,4.260000000000000000e+02,1.000000000000000000e+00,0.000000000000000000e+00,5.000000000000000000e+00,1.000000000000000000e+00
0.000000000000000000e+00,0.000000000000000000e+00,0.000000000000000000e+00,0.000000000000000000e+00,0.000000000000000000e+00,1.000000000000000000e+00,4.770000000000000000e+02,0.000000000000000000e+00,1.000000000000000000e+00,0.000000000000000000e+00
0.000000000000000000e+00,1.000000000000000000e+00,1.000000000000000000e+00,2.000000000000000000e+00,2.000000000000000000e+00,0.000000000000000000e+00,0.000000000000000000e+00,5.010000000000000000e+02,0.000000000000000000e+00,7.000000000000000000e+00
1.000000000000000000e+01,1.000000000000000000e+00,5.000000000000000000e+00,1.000000000000000000e+00,1.000000000000000000e+00,1.000000000000000000e+00,2.000000000000000000e+00,1.000000000000000000e+00,4.630000000000000000e+02,2.000000000000000000e+00
0.000000000000000000e+00,4.000000000000000000e+00,0.000000000000000000e+00,8.000000000000000000e+00,6.000000000000000000e+00,3.000000000000000000e+00,0.000000000000000000e+00,7.000000000000000000e+00,4.000000000000000000e+00,4.720000000000000000e+02
4.710000000000000000e+02,0.000000000000000000e+00,3.000000000000000000e+00,1.000000000000000000e+00,0.000000000000000000e+00,0.000000000000000000e+00,6.000000000000000000e+00,0.000000000000000000e+00,9.000000000000000000e+00,0.000000000000000000e+00
1.000000000000000000e+00,5.540000000000000000e+02,2.000000000000000000e+00,1.000000000000000000e+00,0.000000000000000000e+00,2.000000000000000000e+00,3.000000000000000000e+00,1.000000000000000000e+00,0.000000000000000000e+00,4.000000000000000000e+00
0.000000000000000000e+00,1.000000000000000000e+00,4.950000000000000000e+02,8.000000000000000000e+00,1.000000000000000000e+00,1.000000000000000000e+00,0.000000000000000000e+00,5.000000000000000000e+00,4.000000000000000000e+00,1.000000000000000000e+00
0.000000000000000000e+00,0.000000000000000000e+00,3.000000000000000000e+00,4.820000000000000000e+02,0.000000000000000000e+00,4.000000000000000000e+00,0.000000000000000000e+00,7.000000000000000000e+00,8.000000000000000000e+00,1.000000000000000000e+00
0.000000000000000000e+00,1.000000000000000000e+00,1.000000000000000000e+00,0.000000000000000000e+00,4.680000000000000000e+02,0.000000000000000000e+00,2.000000000000000000e+00,4.000000000000000000e+00,2.000000000000000000e+00,1.300000000000000000e+01
0.000000000000000000e+00,0.000000000000000000e+00,1.000000000000000000e+00,7.000000000000000000e+00,1.000000000000000000e+00,4.270000000000000000e+02,1.000000000000000000e+00,1.000000000000000000e+00,5.000000000000000000e+00,3.000000000000000000e+00
3.000000000000000000e+00,2.000000000000000000e+00,3.000000000000000000e+00,0.000000000000000000e+00,1.000000000000000000e+00,0.000000000000000000e+00,4.680000000000000000e+02,0.000000000000000000e+00,2.000000000000000000e+00,0.000000000000000000e+00
0.000000000000000000e+00,0.000000000000000000e+00,1.000000000000000000e+00,4.000000000000000000e+00,2.000000000000000000e+00,0.000000000000000000e+00,0.000000000000000000e+00,5.020000000000000000e+02,0.000000000000000000e+00,5.000000000000000000e+00
6.000000000000000000e+00,2.000000000000000000e+00,2.000000000000000000e+00,1.000000000000000000e+00,2.000000000000000000e+00,2.000000000000000000e+00,4.000000000000000000e+00,1.000000000000000000e+00,4.630000000000000000e+02,4.000000000000000000e+00
1.000000000000000000e+00,2.000000000000000000e+00,0.000000000000000000e+00,2.000000000000000000e+00,4.000000000000000000e+00,6.000000000000000000e+00,0.000000000000000000e+00,1.000000000000000000e+01,5.000000000000000000e+00,4.750000000000000000e+02
