4.550000000000000000e+02,1.000000000000000000e+00,6.000000000000000000e+00,1.000000000000000000e+00,0.000000000000000000e+00,1.000000000000000000e+00,1.100000000000000000e+01,0.000000000000000000e+00,1.500000000000000000e+01,0.000000000000000000e+00
0.000000000000000000e+00,5.550000000000000000e+02,5.000000000000000000e+00,1.000000000000000000e+00,1.000000000000000000e+00,2.000000000000000000e+00,2.000000000000000000e+00,1.000000000000000000e+00,0.000000000000000000e+00,0.000000000000000000e+00
1.000000000000000000e+00,0.000000000000000000e+00,4.970000000000000000e+02,6.000000000000000000e+00,2.000000000000000000e+00,1.000000000000000000e+00,0.000000000000000000e+00,6.000000000000000000e+00,3.000000000000000000e+00,0.000000000000000000e+00
0.000000000000000000e+00,0.000000000000000000e+00,3.000000000000000000e+00,4.870000000000000000e+02,0.000000000000000000e+00,4.000000000000000000e+00,0.000000000000000000e+00,7.000000000000000000e+00,2.000000000000000000e+00,2.000000000000000000e+00
0.000000000000000000e+00,1.000000000000000000e+00,1.000000000000000000e+00,0.000000000000000000e+00,4.630000000000000000e+02,0.000000000000000000e+00,5.000000000000000000e+00,0.000000000000000000e+00,1.000000000000000000e+00,2.000000000000000000e+01
0.000000000000000000e+00,0.000000000000000000e+00,0.000000000000000000e+00,1.400000000000000000e+01,1.000000000000000000e+00,4.200000000000000000e+02,3.000000000000000000e+00,0.000000000000000000e+00,6.000000000000000000e+00,2.000000000000000000e+00
0.000000000000000000e+00,4.000000000000000000e+00,7.000000000000000000e+00,0.000000000000000000e+00,1.000000000000000000e+00,3.000000000000000000e+00,4.620000000000000000e+02,0.000000000000000000e+00,2.000000000000000000e+00,0.000000000000000000e+00
0.000000000000000000e+00,1.000000000000000000e+00,5.000000000000000000e+00,4.000000000000000000e+00,5.000000000000000000e+00,0.000000000000000000e+00,0.000000000000000000e+00,4.790000000000000000e+02,0.000000000000000000e+00,2.000000000000000000e+01
1.300000000000000000e+01,3.000000000000000000e+00,5.000000000000000000e+00,4.000000000000000000e+00,0.000000000000000000e+00,1.000000000000000000e+00,3.000000000000000000e+00,1.000000000000000000e+00,4.540000000000000000e+02,3.000000000000000000e+00
0.000000000000000000e+00,6.000000000000000000e+00,1.000000000000000000e+00,1.600000000000000000e+01,1.100000000000000000e+01,7.000000000000000000e+00,0.000000000000000000e+00,1.000000000000000000e+01,9.000000000000000000e+00,4.440000000000000000e+02
4.610000000000000000e+02,0.000000000000000000e+00,3.000000000000000000e+00,1.000000000000000000e+00,0.000000000000000000e+00,0.000000000000000000e+00,1.400000000000000000e+01,0.000000000000000000e+00,1.000000000000000000e+01,1.000000000000000000e+00
1.000000000000000000e+00,5.510000000000000000e+02,3.000000000000000000e+00,1.000000000000000000e+00,0.000000000000000000e+00,3.000000000000000000e+00,2.000000000000000000e+00,2.000000000000000000e+00,1.000000000000000000e+00,4.000000000000000000e+00
0.000000000000000000e+00,0.000000000000000000e+00,4.820000000000000000e+02,1.800000000000000000e+01,0.000000000000000000e+00,2.000000000000000000e+00,1.000000000000000000e+00,7.000000000000000000e+00,5.000000000000000000e+00,1.000000000000000000e+00
0.000000000000000000e+00,0.000000000000000000e+00,8.000000000000000000e+00,4.730000000000000000e+02,0.000000000000000000e+00,5.000000000000000000e+00,0.000000000000000000e+00,1.200000000000000000e+01,6.000000000000000000e+00,1.000000000000000000e+00
0.000000000000000000e+00,3.000000000000000000e+00,1.000000000000000000e+00,0.000000000000000000e+00,4.590000000000000000e+02,0.000000000000000000e+00,2.000000000000000000e+00,2.000000000000000000e+00,5.000000000000000000e+00,1.900000000000000000e+01
0.000000000000000000e+00,0.000000000000000000e+00,1.000000000000000000e+00,9.000000000000000000e+00,2.000000000000000000e+00,4.230000000000000000e+02,1.000000000000000000e+00,1.000000000000000000e+00,4.000000000000000000e+00,5.000000000000000000e+00
1.000000000000000000e+00,4.000000000000000000e+00,6.000000000000000000e+00,0.000000000000000000e+00,1.000000000000000000e+00,1.000000000000000000e+00,4.610000000000000000e+02,0.000000000000000000e+00,5.000000000000000000e+00,0.000000000000000000e+00
0.000000000000000000e+00,0.000000000000000000e+00,1.000000000000000000e+00,4.000000000000000000e+00,4.000000000000000000e+00,1.000000000000000000e+00,0.000000000000000000e+00,4.940000000000000000e+02,0.000000000000000000e+00,1.000000000000000000e+01
8.000000000000000000e+00,4.000000000000000000e+00,5.000000000000000000e+00,3.000000000000000000e+00,3.000000000000000000e+00,3.000000000000000000e+00,5.000000000000000000e+00,2.000000000000000000e+00,4.490000000000000000e+02,5.000000000000000000e+00
1.000000000000000000e+00,1.000000000000000000e+00,1.000000000000000000e+00,3.000000000000000000e+00,1.400000000000000000e+01,4.000000000000000000e+00,0.000000000000000000e+00,1.300000000000000000e+01,9.000000000000000000e+00,4.590000000000000000e+02
