4.680000000000000000e+02,1.000000000000000000e+00,4.000000000000000000e+00,1.000000000000000000e+00,0.000000000000000000e+00,1.000000000000000000e+00,3.000000000000000000e+00,0.000000000000000000e+00,1.200000000000000000e+01,0.000000000000000000e+00
0.000000000000000000e+00,5.570000000000000000e+02,5.000000000000000000e+00,1.000000000000000000e+00,0.000000000000000000e+00,2.000000000000000000e+00,1.000000000000000000e+00,1.000000000000000000e+00,0.000000000000000000e+00,0.000000000000000000e+00
1.000000000000000000e+00,0.000000000000000000e+00,5.050000000000000000e+02,3.000000000000000000e+00,2.000000000000000000e+00,0.000000000000000000e+00,0.000000000000000000e+00,3.000000000000000000e+00,2.000000000000000000e+00,0.000000000000000000e+00
0.000000000000000000e+00,0.000000000000000000e+00,5.000000000000000000e+00,4.890000000000000000e+02,0.000000000000000000e+00,2.000000000000000000e+00,0.000000000000000000e+00,7.000000000000000000e+00,1.000000000000000000e+00,1.000000000000000000e+00
0.000000000000000000e+00,1.000000000000000000e+00,0.000000000000000000e+00,0.000000000000000000e+00,4.750000000000000000e+02,0.000000000000000000e+00,5.000000000000000000e+00,0.000000000000000000e+00,1.000000000000000000e+00,9.000000000000000000e+00
0.000000000000000000e+00,0.000000000000000000e+00,0.000000000000000000e+00,1.500000000000000000e+01,1.000000000000000000e+00,4.200000000000000000e+02,2.000000000000000000e+00,0.000000000000000000e+00,6.000000000000000000e+00,2.000000000000000000e+00
0.000000000000000000e+00,1.000000000000000000e+00,6.000000000000000000e+00,0.000000000000000000e+00,1.000000000000000000e+00,1.000000000000000000e+00,4.690000000000000000e+02,0.000000000000000000e+00,1.000000000000000000e+00,0.000000000000000000e+00
0.000000000000000000e+00,1.000000000000000000e+00,2.000000000000000000e+00,4.000000000000000000e+00,4.000000000000000000e+00,0.000000000000000000e+00,0.000000000000000000e+00,4.860000000000000000e+02,0.000000000000000000e+00,1.700000000000000000e+01
1.100000000000000000e+01,2.000000000000000000e+00,4.000000000000000000e+00,5.000000000000000000e+00,1.000000000000000000e+00,2.000000000000000000e+00,2.000000000000000000e+00,1.000000000000000000e+00,4.570000000000000000e+02,2.000000000000000000e+00
0.000000000000000000e+00,4.000000000000000000e+00,0.000000000000000000e+00,1.700000000000000000e+01,7.000000000000000000e+00,5.000000000000000000e+00,0.000000000000000000e+00,1.000000000000000000e+01,5.000000000000000000e+00,4.560000000000000000e+02
4.690000000000000000e+02,1.000000000000000000e+00,3.000000000000000000e+00,1.000000000000000000e+00,0.000000000000000000e+00,0.000000000000000000e+00,8.000000000000000000e+00,0.000000000000000000e+00,8.000000000000000000e+00,0.000000000000000000e+00
0.000000000000000000e+00,5.540000000000000000e+02,3.000000000000000000e+00,1.000000000000000000e+00,0.000000000000000000e+00,2.000000000000000000e+00,2.000000000000000000e+00,2.000000000000000000e+00,0.000000000000000000e+00,4.000000000000000000e+00
0.000000000000000000e+00,1.000000000000000000e+00,4.920000000000000000e+02,1.200000000000000000e+01,0.000000000000000000e+00,1.000000000000000000e+00,2.000000000000000000e+00,5.000000000000000000e+00,2.000000000000000000e+00,1.000000000000000000e+00
0.000000000000000000e+00,0.000000000000000000e+00,2.000000000000000000e+00,4.790000000000000000e+02,0.000000000000000000e+00,6.000000000000000000e+00,0.000000000000000000e+00,9.000000000000000000e+00,8.000000000000000000e+00,1.000000000000000000e+00
0.000000000000000000e+00,1.000000000000000000e+00,1.000000000000000000e+00,0.000000000000000000e+00,4.630000000000000000e+02,0.000000000000000000e+00,2.000000000000000000e+00,5.000000000000000000e+00,2.000000000000000000e+00,1.700000000000000000e+01
0.000000000000000000e+00,0.000000000000000000e+00,1.000000000000000000e+00,9.000000000000000000e+00,1.000000000000000000e+00,4.250000000000000000e+02,1.000000000000000000e+00,1.000000000000000000e+00,5.000000000000000000e+00,3.000000000000000000e+00
1.000000000000000000e+00,2.000000000000000000e+00,7.000000000000000000e+00,0.000000000000000000e+00,1.000000000000000000e+00,0.000000000000000000e+00,4.660000000000000000e+02,0.000000000000000000e+00,2.000000000000000000e+00,0.000000000000000000e+00
0.000000000000000000e+00,0.000000000000000000e+00,1.000000000000000000e+00,5.000000000000000000e+00,4.000000000000000000e+00,1.000000000000000000e+00,0.000000000000000000e+00,4.900000000000000000e+02,0.000000000000000000e+00,1.300000000000000000e+01
6.000000000000000000e+00,2.000000000000000000e+00,5.000000000000000000e+00,4.000000000000000000e+00,2.000000000000000000e+00,3.000000000000000000e+00,4.000000000000000000e+00,3.000000000000000000e+00,4.540000000000000000e+02,4.000000000000000000e+00
1.000000000000000000e+00,1.000000000000000000e+00,1.000000000000000000e+00,3.000000000000000000e+00,9.000000000000000000e+00,5.000000000000000000e+00,0.000000000000000000e+00,1.200000000000000000e+01,7.000000000000000000e+00,4.660000000000000000e+02
