5.770000000000000000e+02,7.000000000000000000e+00,3.000000000000000000e+00,0.000000000000000000e+00,0.000000000000000000e+00,9.000000000000000000e+00,9.000000000000000000e+00,0.000000000000000000e+00,4.800000000000000000e+01,0.000000000000000000e+00,3.300000000000000000e+01
0.000000000000000000e+00,7.410000000000000000e+02,1.000000000000000000e+00,0.000000000000000000e+00,0.000000000000000000e+00,0.000000000000000000e+00,0.000000000000000000e+00,2.000000000000000000e+00,0.000000000000000000e+00,0.000000000000000000e+00,5.000000000000000000e+01
0.000000000000000000e+00,2.000000000000000000e+00,6.430000000000000000e+02,6.000000000000000000e+00,0.000000000000000000e+00,4.000000000000000000e+00,0.000000000000000000e+00,8.000000000000000000e+00,2.000000000000000000e+00,1.000000000000000000e+00,5.600000000000000000e+01
0.000000000000000000e+00,7.000000000000000000e+00,1.800000000000000000e+01,6.010000000000000000e+02,0.000000000000000000e+00,1.900000000000000000e+01,0.000000000000000000e+00,5.000000000000000000e+00,4.000000000000000000e+00,9.000000000000000000e+00,4.400000000000000000e+01
0.000000000000000000e+00,1.000000000000000000e+00,1.000000000000000000e+00,0.000000000000000000e+00,6.060000000000000000e+02,2.000000000000000000e+00,1.000000000000000000e+00,5.000000000000000000e+00,0.000000000000000000e+00,2.700000000000000000e+01,4.400000000000000000e+01
1.000000000000000000e+00,1.000000000000000000e+00,0.000000000000000000e+00,1.000000000000000000e+01,1.000000000000000000e+00,5.530000000000000000e+02,0.000000000000000000e+00,2.000000000000000000e+00,4.000000000000000000e+00,4.000000000000000000e+00,4.800000000000000000e+01
1.000000000000000000e+00,8.000000000000000000e+00,3.000000000000000000e+00,0.000000000000000000e+00,4.000000000000000000e+00,4.000000000000000000e+00,6.040000000000000000e+02,0.000000000000000000e+00,7.000000000000000000e+00,0.000000000000000000e+00,3.900000000000000000e+01
0.000000000000000000e+00,2.000000000000000000e+00,6.000000000000000000e+00,0.000000000000000000e+00,4.000000000000000000e+00,1.000000000000000000e+00,0.000000000000000000e+00,6.340000000000000000e+02,1.000000000000000000e+00,2.500000000000000000e+01,4.600000000000000000e+01
8.000000000000000000e+00,5.000000000000000000e+00,6.000000000000000000e+00,1.000000000000000000e+00,0.000000000000000000e+00,4.000000000000000000e+00,2.000000000000000000e+00,2.000000000000000000e+00,5.980000000000000000e+02,7.000000000000000000e+00,4.800000000000000000e+01
0.000000000000000000e+00,5.000000000000000000e+00,5.000000000000000000e+00,3.000000000000000000e+00,2.900000000000000000e+01,7.000000000000000000e+00,0.000000000000000000e+00,4.100000000000000000e+01,7.000000000000000000e+00,5.750000000000000000e+02,3.400000000000000000e+01
1.540000000000000000e+02,6.510000000000000000e+02,2.650000000000000000e+02,7.000000000000000000e+00,4.180000000000000000e+02,2.790000000000000000e+02,4.140000000000000000e+02,9.000000000000000000e+01,3.760000000000000000e+02,1.210000000000000000e+02,2.360800000000000000e+04
2.480000000000000000e+02,5.000000000000000000e+00,2.000000000000000000e+00,0.000000000000000000e+00,0.000000000000000000e+00,3.000000000000000000e+00,3.000000000000000000e+00,0.000000000000000000e+00,1.200000000000000000e+01,0.000000000000000000e+00,2.100000000000000000e+01
0.000000000000000000e+00,3.130000000000000000e+02,1.000000000000000000e+00,0.000000000000000000e+00,0.000000000000000000e+00,0.000000000000000000e+00,0.000000000000000000e+00,0.000000000000000000e+00,0.000000000000000000e+00,0.000000000000000000e+00,2.700000000000000000e+01
0.000000000000000000e+00,1.000000000000000000e+00,2.740000000000000000e+02,2.000000000000000000e+00,0.000000000000000000e+00,1.000000000000000000e+00,0.000000000000000000e+00,1.000000000000000000e+00,1.000000000000000000e+00,0.000000000000000000e+00,3.000000000000000000e+01
0.000000000000000000e+00,5.000000000000000000e+00,7.000000000000000000e+00,2.270000000000000000e+02,0.000000000000000000e+00,1.700000000000000000e+01,0.000000000000000000e+00,7.000000000000000000e+00,3.000000000000000000e+00,3.000000000000000000e+00,3.400000000000000000e+01
0.000000000000000000e+00,2.000000000000000000e+00,0.000000000000000000e+00,0.000000000000000000e+00,2.350000000000000000e+02,1.000000000000000000e+00,0.000000000000000000e+00,4.000000000000000000e+00,1.000000000000000000e+00,9.000000000000000000e+00,4.300000000000000000e+01
0.000000000000000000e+00,0.000000000000000000e+00,0.000000000000000000e+00,6.000000000000000000e+00,1.000000000000000000e+00,2.290000000000000000e+02,0.000000000000000000e+00,0.000000000000000000e+00,5.000000000000000000e+00,1.000000000000000000e+00,2.600000000000000000e+01
0.000000000000000000e+00,2.000000000000000000e+00,0.000000000000000000e+00,0.000000000000000000e+00,1.000000000000000000e+00,2.000000000000000000e+00,2.520000000000000000e+02,0.000000000000000000e+00,2.000000000000000000e+00,0.000000000000000000e+00,2.900000000000000000e+01
0.000000000000000000e+00,0.000000000000000000e+00,1.000000000000000000e+00,1.000000000000000000e+00,1.000000000000000000e+00,1.000000000000000000e+00,0.000000000000000000e+00,2.680000000000000000e+02,0.000000000000000000e+00,6.000000000000000000e+00,3.100000000000000000e+01
2.000000000000000000e+00,3.000000000000000000e+00,1.000000000000000000e+00,0.000000000000000000e+00,1.000000000000000000e+00,4.000000000000000000e+00,2.000000000000000000e+00,1.000000000000000000e+00,2.380000000000000000e+02,3.000000000000000000e+00,3.800000000000000000e+01
0.000000000000000000e+00,1.000000000000000000e+00,2.000000000000000000e+00,0.000000000000000000e+00,1.400000000000000000e+01,4.000000000000000000e+00,0.000000000000000000e+00,1.500000000000000000e+01,4.000000000000000000e+00,2.390000000000000000e+02,2.400000000000000000e+01
1.540000000000000000e+02,6.510000000000000000e+02,2.650000000000000000e+02,7.000000000000000000e+00,4.180000000000000000e+02,2.790000000000000000e+02,4.140000000000000000e+02,9.000000000000000000e+01,3.760000000000000000e+02,1.210000000000000000e+02,2.360800000000000000e+04
