6.100000000000000000e+02,7.000000000000000000e+00,3.000000000000000000e+00,0.000000000000000000e+00,0.000000000000000000e+00,9.000000000000000000e+00,9.000000000000000000e+00,0.000000000000000000e+00,4.800000000000000000e+01,0.000000000000000000e+00,0.000000000000000000e+00
0.000000000000000000e+00,7.910000000000000000e+02,1.000000000000000000e+00,0.000000000000000000e+00,0.000000000000000000e+00,0.000000000000000000e+00,0.000000000000000000e+00,2.000000000000000000e+00,0.000000000000000000e+00,0.000000000000000000e+00,0.000000000000000000e+00
0.000000000000000000e+00,2.000000000000000000e+00,7.000000000000000000e+02,6.000000000000000000e+00,0.000000000000000000e+00,4.000000000000000000e+00,0.000000000000000000e+00,7.000000000000000000e+00,2.000000000000000000e+00,1.000000000000000000e+00,0.000000000000000000e+00
0.000000000000000000e+00,7.000000000000000000e+00,1.700000000000000000e+01,6.450000000000000000e+02,0.000000000000000000e+00,2.000000000000000000e+01,0.000000000000000000e+00,5.000000000000000000e+00,4.000000000000000000e+00,9.000000000000000000e+00,0.000000000000000000e+00
0.000000000000000000e+00,1.000000000000000000e+00,1.000000000000000000e+00,0.000000000000000000e+00,6.490000000000000000e+02,3.000000000000000000e+00,1.000000000000000000e+00,5.000000000000000000e+00,0.000000000000000000e+00,2.700000000000000000e+01,0.000000000000000000e+00
1.000000000000000000e+00,1.000000000000000000e+00,0.000000000000000000e+00,1.000000000000000000e+01,1.000000000000000000e+00,6.010000000000000000e+02,1.000000000000000000e+00,2.000000000000000000e+00,3.000000000000000000e+00,4.000000000000000000e+00,0.000000000000000000e+00
1.000000000000000000e+00,8.000000000000000000e+00,3.000000000000000000e+00,0.000000000000000000e+00,4.000000000000000000e+00,4.000000000000000000e+00,6.430000000000000000e+02,0.000000000000000000e+00,7.000000000000000000e+00,0.000000000000000000e+00,0.000000000000000000e+00
0.000000000000000000e+00,2.000000000000000000e+00,6.000000000000000000e+00,0.000000000000000000e+00,4.000000000000000000e+00,1.000000000000000000e+00,0.000000000000000000e+00,6.800000000000000000e+02,1.000000000000000000e+00,2.500000000000000000e+01,0.000000000000000000e+00
8.000000000000000000e+00,6.000000000000000000e+00,6.000000000000000000e+00,1.000000000000000000e+00,1.000000000000000000e+00,4.000000000000000000e+00,2.000000000000000000e+00,2.000000000000000000e+00,6.440000000000000000e+02,7.000000000000000000e+00,0.000000000000000000e+00
0.000000000000000000e+00,5.000000000000000000e+00,5.000000000000000000e+00,3.000000000000000000e+00,2.800000000000000000e+01,7.000000000000000000e+00,0.000000000000000000e+00,4.300000000000000000e+01,7.000000000000000000e+00,6.080000000000000000e+02,0.000000000000000000e+00
1.950000000000000000e+02,1.096000000000000000e+03,5.840000000000000000e+02,3.300000000000000000e+01,6.980000000000000000e+02,5.450000000000000000e+02,7.080000000000000000e+02,1.410000000000000000e+02,6.410000000000000000e+02,1.970000000000000000e+02,2.154500000000000000e+04
2.540000000000000000e+02,5.000000000000000000e+00,2.000000000000000000e+00,0.000000000000000000e+00,0.000000000000000000e+00,4.000000000000000000e+00,4.000000000000000000e+00,1.000000000000000000e+00,1.500000000000000000e+01,0.000000000000000000e+00,9.000000000000000000e+00
0.000000000000000000e+00,3.290000000000000000e+02,1.000000000000000000e+00,0.000000000000000000e+00,0.000000000000000000e+00,0.000000000000000000e+00,0.000000000000000000e+00,0.000000000000000000e+00,0.000000000000000000e+00,0.000000000000000000e+00,1.100000000000000000e+01
0.000000000000000000e+00,1.000000000000000000e+00,2.910000000000000000e+02,2.000000000000000000e+00,0.000000000000000000e+00,1.000000000000000000e+00,1.000000000000000000e+00,2.000000000000000000e+00,1.000000000000000000e+00,0.000000000000000000e+00,1.100000000000000000e+01
0.000000000000000000e+00,8.000000000000000000e+00,1.000000000000000000e+01,2.440000000000000000e+02,0.000000000000000000e+00,2.000000000000000000e+01,0.000000000000000000e+00,7.000000000000000000e+00,3.000000000000000000e+00,4.000000000000000000e+00,7.000000000000000000e+00
0.000000000000000000e+00,3.000000000000000000e+00,0.000000000000000000e+00,0.000000000000000000e+00,2.560000000000000000e+02,1.000000000000000000e+00,0.000000000000000000e+00,6.000000000000000000e+00,1.000000000000000000e+00,1.200000000000000000e+01,1.600000000000000000e+01
0.000000000000000000e+00,0.000000000000000000e+00,0.000000000000000000e+00,8.000000000000000000e+00,1.000000000000000000e+00,2.410000000000000000e+02,0.000000000000000000e+00,0.000000000000000000e+00,6.000000000000000000e+00,3.000000000000000000e+00,9.000000000000000000e+00
0.000000000000000000e+00,3.000000000000000000e+00,1.000000000000000000e+00,0.000000000000000000e+00,2.000000000000000000e+00,2.000000000000000000e+00,2.600000000000000000e+02,0.000000000000000000e+00,3.000000000000000000e+00,0.000000000000000000e+00,1.700000000000000000e+01
0.000000000000000000e+00,0.000000000000000000e+00,2.000000000000000000e+00,1.000000000000000000e+00,1.000000000000000000e+00,2.000000000000000000e+00,0.000000000000000000e+00,2.840000000000000000e+02,0.000000000000000000e+00,6.000000000000000000e+00,1.300000000000000000e+01
2.000000000000000000e+00,6.000000000000000000e+00,2.000000000000000000e+00,1.000000000000000000e+00,1.000000000000000000e+00,5.000000000000000000e+00,3.000000000000000000e+00,1.000000000000000000e+00,2.580000000000000000e+02,4.000000000000000000e+00,1.000000000000000000e+01
0.000000000000000000e+00,2.000000000000000000e+00,2.000000000000000000e+00,0.000000000000000000e+00,1.500000000000000000e+01,4.000000000000000000e+00,0.000000000000000000e+00,1.900000000000000000e+01,4.000000000000000000e+00,2.450000000000000000e+02,1.200000000000000000e+01
1.950000000000000000e+02,1.096000000000000000e+03,5.840000000000000000e+02,3.300000000000000000e+01,6.980000000000000000e+02,5.450000000000000000e+02,7.080000000000000000e+02,1.410000000000000000e+02,6.410000000000000000e+02,1.970000000000000000e+02,2.154500000000000000e+04
