5.570000000000000000e+02,7.000000000000000000e+00,3.000000000000000000e+00,0.000000000000000000e+00,0.000000000000000000e+00,9.000000000000000000e+00,9.000000000000000000e+00,0.000000000000000000e+00,4.800000000000000000e+01,0.000000000000000000e+00,5.300000000000000000e+01
0.000000000000000000e+00,7.180000000000000000e+02,1.000000000000000000e+00,0.000000000000000000e+00,0.000000000000000000e+00,0.000000000000000000e+00,0.000000000000000000e+00,2.000000000000000000e+00,0.000000000000000000e+00,0.000000000000000000e+00,7.300000000000000000e+01
0.000000000000000000e+00,2.000000000000000000e+00,6.120000000000000000e+02,6.000000000000000000e+00,0.000000000000000000e+00,4.000000000000000000e+00,0.000000000000000000e+00,8.000000000000000000e+00,2.000000000000000000e+00,1.000000000000000000e+00,8.700000000000000000e+01
0.000000000000000000e+00,7.000000000000000000e+00,1.800000000000000000e+01,5.800000000000000000e+02,0.000000000000000000e+00,1.900000000000000000e+01,0.000000000000000000e+00,5.000000000000000000e+00,4.000000000000000000e+00,9.000000000000000000e+00,6.500000000000000000e+01
0.000000000000000000e+00,1.000000000000000000e+00,1.000000000000000000e+00,0.000000000000000000e+00,5.820000000000000000e+02,2.000000000000000000e+00,1.000000000000000000e+00,5.000000000000000000e+00,0.000000000000000000e+00,2.700000000000000000e+01,6.800000000000000000e+01
1.000000000000000000e+00,1.000000000000000000e+00,0.000000000000000000e+00,1.000000000000000000e+01,1.000000000000000000e+00,5.280000000000000000e+02,0.000000000000000000e+00,2.000000000000000000e+00,3.000000000000000000e+00,4.000000000000000000e+00,7.400000000000000000e+01
1.000000000000000000e+00,8.000000000000000000e+00,3.000000000000000000e+00,0.000000000000000000e+00,4.000000000000000000e+00,3.000000000000000000e+00,5.800000000000000000e+02,0.000000000000000000e+00,7.000000000000000000e+00,0.000000000000000000e+00,6.400000000000000000e+01
0.000000000000000000e+00,2.000000000000000000e+00,6.000000000000000000e+00,0.000000000000000000e+00,4.000000000000000000e+00,1.000000000000000000e+00,0.000000000000000000e+00,6.130000000000000000e+02,1.000000000000000000e+00,2.500000000000000000e+01,6.700000000000000000e+01
8.000000000000000000e+00,5.000000000000000000e+00,6.000000000000000000e+00,1.000000000000000000e+00,0.000000000000000000e+00,4.000000000000000000e+00,2.000000000000000000e+00,2.000000000000000000e+00,5.710000000000000000e+02,7.000000000000000000e+00,7.500000000000000000e+01
0.000000000000000000e+00,5.000000000000000000e+00,5.000000000000000000e+00,3.000000000000000000e+00,2.900000000000000000e+01,7.000000000000000000e+00,0.000000000000000000e+00,4.100000000000000000e+01,6.000000000000000000e+00,5.550000000000000000e+02,5.500000000000000000e+01
1.540000000000000000e+02,6.230000000000000000e+02,2.550000000000000000e+02,7.000000000000000000e+00,4.080000000000000000e+02,2.740000000000000000e+02,3.960000000000000000e+02,8.700000000000000000e+01,3.640000000000000000e+02,1.170000000000000000e+02,2.369800000000000000e+04
2.470000000000000000e+02,5.000000000000000000e+00,2.000000000000000000e+00,0.000000000000000000e+00,0.000000000000000000e+00,3.000000000000000000e+00,3.000000000000000000e+00,0.000000000000000000e+00,1.200000000000000000e+01,0.000000000000000000e+00,2.200000000000000000e+01
0.000000000000000000e+00,3.120000000000000000e+02,1.000000000000000000e+00,0.000000000000000000e+00,0.000000000000000000e+00,0.000000000000000000e+00,0.000000000000000000e+00,0.000000000000000000e+00,0.000000000000000000e+00,0.000000000000000000e+00,2.800000000000000000e+01
0.000000000000000000e+00,1.000000000000000000e+00,2.720000000000000000e+02,2.000000000000000000e+00,0.000000000000000000e+00,1.000000000000000000e+00,0.000000000000000000e+00,1.000000000000000000e+00,1.000000000000000000e+00,0.000000000000000000e+00,3.200000000000000000e+01
0.000000000000000000e+00,5.000000000000000000e+00,6.000000000000000000e+00,2.270000000000000000e+02,0.000000000000000000e+00,1.700000000000000000e+01,0.000000000000000000e+00,7.000000000000000000e+00,3.000000000000000000e+00,3.000000000000000000e+00,3.500000000000000000e+01
0.000000000000000000e+00,2.000000000000000000e+00,0.000000000000000000e+00,0.000000000000000000e+00,2.330000000000000000e+02,1.000000000000000000e+00,0.000000000000000000e+00,4.000000000000000000e+00,1.000000000000000000e+00,9.000000000000000000e+00,4.500000000000000000e+01
0.000000000000000000e+00,0.000000000000000000e+00,0.000000000000000000e+00,6.000000000000000000e+00,1.000000000000000000e+00,2.270000000000000000e+02,0.000000000000000000e+00,0.000000000000000000e+00,5.000000000000000000e+00,1.000000000000000000e+00,2.800000000000000000e+01
0.000000000000000000e+00,2.000000000000000000e+00,0.000000000000000000e+00,0.000000000000000000e+00,1.000000000000000000e+00,2.000000000000000000e+00,2.500000000000000000e+02,0.000000000000000000e+00,2.000000000000000000e+00,0.000000000000000000e+00,3.100000000000000000e+01
0.000000000000000000e+00,0.000000000000000000e+00,1.000000000000000000e+00,1.000000000000000000e+00,1.000000000000000000e+00,1.000000000000000000e+00,0.000000000000000000e+00,2.660000000000000000e+02,0.000000000000000000e+00,6.000000000000000000e+00,3.300000000000000000e+01
2.000000000000000000e+00,3.000000000000000000e+00,1.000000000000000000e+00,0.000000000000000000e+00,1.000000000000000000e+00,4.000000000000000000e+00,2.000000000000000000e+00,1.000000000000000000e+00,2.380000000000000000e+02,3.000000000000000000e+00,3.800000000000000000e+01
0.000000000000000000e+00,1.000000000000000000e+00,2.000000000000000000e+00,0.000000000000000000e+00,1.400000000000000000e+01,4.000000000000000000e+00,0.000000000000000000e+00,1.500000000000000000e+01,4.000000000000000000e+00,2.390000000000000000e+02,2.400000000000000000e+01
1.540000000000000000e+02,6.230000000000000000e+02,2.550000000000000000e+02,7.000000000000000000e+00,4.080000000000000000e+02,2.740000000000000000e+02,3.960000000000000000e+02,8.700000000000000000e+01,3.640000000000000000e+02,1.170000000000000000e+02,2.369800000000000000e+04
