4.870000000000000000e+02,1.000000000000000000e+00,2.000000000000000000e+00,0.000000000000000000e+00,0.000000000000000000e+00,1.800000000000000000e+01,3.000000000000000000e+00,0.000000000000000000e+00,4.100000000000000000e+01,0.000000000000000000e+00,1.340000000000000000e+02
0.000000000000000000e+00,5.870000000000000000e+02,1.000000000000000000e+00,0.000000000000000000e+00,0.000000000000000000e+00,1.900000000000000000e+01,0.000000000000000000e+00,0.000000000000000000e+00,0.000000000000000000e+00,0.000000000000000000e+00,1.870000000000000000e+02
0.000000000000000000e+00,0.000000000000000000e+00,5.300000000000000000e+02,2.000000000000000000e+00,0.000000000000000000e+00,1.800000000000000000e+01,0.000000000000000000e+00,3.000000000000000000e+00,0.000000000000000000e+00,0.000000000000000000e+00,1.690000000000000000e+02
0.000000000000000000e+00,0.000000000000000000e+00,6.000000000000000000e+00,5.320000000000000000e+02,0.000000000000000000e+00,2.500000000000000000e+01,0.000000000000000000e+00,1.000000000000000000e+00,1.000000000000000000e+00,0.000000000000000000e+00,1.420000000000000000e+02
0.000000000000000000e+00,1.000000000000000000e+00,0.000000000000000000e+00,0.000000000000000000e+00,5.110000000000000000e+02,1.800000000000000000e+01,1.000000000000000000e+00,0.000000000000000000e+00,1.000000000000000000e+00,3.000000000000000000e+00,1.520000000000000000e+02
0.000000000000000000e+00,0.000000000000000000e+00,0.000000000000000000e+00,5.000000000000000000e+00,0.000000000000000000e+00,4.750000000000000000e+02,0.000000000000000000e+00,0.000000000000000000e+00,4.000000000000000000e+00,0.000000000000000000e+00,1.400000000000000000e+02
0.000000000000000000e+00,2.000000000000000000e+00,0.000000000000000000e+00,0.000000000000000000e+00,0.000000000000000000e+00,1.800000000000000000e+01,4.770000000000000000e+02,0.000000000000000000e+00,6.000000000000000000e+00,0.000000000000000000e+00,1.670000000000000000e+02
0.000000000000000000e+00,1.000000000000000000e+00,8.000000000000000000e+00,5.000000000000000000e+00,3.000000000000000000e+00,1.800000000000000000e+01,0.000000000000000000e+00,5.370000000000000000e+02,0.000000000000000000e+00,5.000000000000000000e+00,1.420000000000000000e+02
2.000000000000000000e+00,1.000000000000000000e+00,1.000000000000000000e+00,0.000000000000000000e+00,3.000000000000000000e+00,1.800000000000000000e+01,0.000000000000000000e+00,1.000000000000000000e+00,4.970000000000000000e+02,2.000000000000000000e+00,1.560000000000000000e+02
0.000000000000000000e+00,3.000000000000000000e+00,1.000000000000000000e+00,1.000000000000000000e+00,7.000000000000000000e+00,2.000000000000000000e+01,0.000000000000000000e+00,1.200000000000000000e+01,1.200000000000000000e+01,5.010000000000000000e+02,1.490000000000000000e+02
0.000000000000000000e+00,0.000000000000000000e+00,0.000000000000000000e+00,0.000000000000000000e+00,0.000000000000000000e+00,1.855700000000000000e+04,0.000000000000000000e+00,0.000000000000000000e+00,0.000000000000000000e+00,0.000000000000000000e+00,7.826000000000000000e+03
1.980000000000000000e+02,5.000000000000000000e+00,0.000000000000000000e+00,0.000000000000000000e+00,0.000000000000000000e+00,1.800000000000000000e+01,2.000000000000000000e+00,0.000000000000000000e+00,1.600000000000000000e+01,0.000000000000000000e+00,5.500000000000000000e+01
0.000000000000000000e+00,2.410000000000000000e+02,1.000000000000000000e+00,0.000000000000000000e+00,1.000000000000000000e+00,1.900000000000000000e+01,0.000000000000000000e+00,0.000000000000000000e+00,0.000000000000000000e+00,0.000000000000000000e+00,7.900000000000000000e+01
0.000000000000000000e+00,0.000000000000000000e+00,2.090000000000000000e+02,1.000000000000000000e+00,0.000000000000000000e+00,1.800000000000000000e+01,0.000000000000000000e+00,0.000000000000000000e+00,0.000000000000000000e+00,0.000000000000000000e+00,8.200000000000000000e+01
0.000000000000000000e+00,0.000000000000000000e+00,2.000000000000000000e+00,1.940000000000000000e+02,0.000000000000000000e+00,2.100000000000000000e+01,0.000000000000000000e+00,4.000000000000000000e+00,1.000000000000000000e+00,0.000000000000000000e+00,8.100000000000000000e+01
0.000000000000000000e+00,0.000000000000000000e+00,0.000000000000000000e+00,0.000000000000000000e+00,1.940000000000000000e+02,1.800000000000000000e+01,0.000000000000000000e+00,1.000000000000000000e+00,1.000000000000000000e+00,1.000000000000000000e+00,8.000000000000000000e+01
0.000000000000000000e+00,0.000000000000000000e+00,0.000000000000000000e+00,5.000000000000000000e+00,1.000000000000000000e+00,1.930000000000000000e+02,0.000000000000000000e+00,0.000000000000000000e+00,1.000000000000000000e+00,0.000000000000000000e+00,6.800000000000000000e+01
0.000000000000000000e+00,1.000000000000000000e+00,0.000000000000000000e+00,0.000000000000000000e+00,0.000000000000000000e+00,1.800000000000000000e+01,2.020000000000000000e+02,0.000000000000000000e+00,1.000000000000000000e+00,0.000000000000000000e+00,6.600000000000000000e+01
0.000000000000000000e+00,0.000000000000000000e+00,2.000000000000000000e+00,0.000000000000000000e+00,1.000000000000000000e+00,1.900000000000000000e+01,0.000000000000000000e+00,2.280000000000000000e+02,0.000000000000000000e+00,0.000000000000000000e+00,5.900000000000000000e+01
1.000000000000000000e+00,0.000000000000000000e+00,0.000000000000000000e+00,0.000000000000000000e+00,1.000000000000000000e+00,1.800000000000000000e+01,0.000000000000000000e+00,0.000000000000000000e+00,2.000000000000000000e+02,0.000000000000000000e+00,7.300000000000000000e+01
0.000000000000000000e+00,0.000000000000000000e+00,0.000000000000000000e+00,0.000000000000000000e+00,4.000000000000000000e+00,1.800000000000000000e+01,0.000000000000000000e+00,5.000000000000000000e+00,4.000000000000000000e+00,2.160000000000000000e+02,5.600000000000000000e+01
0.000000000000000000e+00,0.000000000000000000e+00,0.000000000000000000e+00,0.000000000000000000e+00,0.000000000000000000e+00,1.855700000000000000e+04,0.000000000000000000e+00,0.000000000000000000e+00,0.000000000000000000e+00,0.000000000000000000e+00,7.826000000000000000e+03
