6.100000000000000000e+02,7.000000000000000000e+00,3.000000000000000000e+00,0.000000000000000000e+00,0.000000000000000000e+00,9.000000000000000000e+00,9.000000000000000000e+00,0.000000000000000000e+00,4.800000000000000000e+01,0.000000000000000000e+00,0.000000000000000000e+00
0.000000000000000000e+00,7.910000000000000000e+02,1.000000000000000000e+00,0.000000000000000000e+00,0.000000000000000000e+00,0.000000000000000000e+00,0.000000000000000000e+00,2.000000000000000000e+00,0.000000000000000000e+00,0.000000000000000000e+00,0.000000000000000000e+00
0.000000000000000000e+00,2.000000000000000000e+00,7.000000000000000000e+02,6.000000000000000000e+00,0.000000000000000000e+00,4.000000000000000000e+00,0.000000000000000000e+00,7.000000000000000000e+00,2.000000000000000000e+00,1.000000000000000000e+00,0.000000000000000000e+00
0.000000000000000000e+00,7.000000000000000000e+00,1.700000000000000000e+01,6.450000000000000000e+02,0.000000000000000000e+00,2.000000000000000000e+01,0.000000000000000000e+00,5.000000000000000000e+00,4.000000000000000000e+00,9.000000000000000000e+00,0.000000000000000000e+00
0.000000000000000000e+00,1.000000000000000000e+00,1.000000000000000000e+00,0.000000000000000000e+00,6.490000000000000000e+02,3.000000000000000000e+00,1.000000000000000000e+00,5.000000000000000000e+00,0.000000000000000000e+00,2.700000000000000000e+01,0.000000000000000000e+00
1.000000000000000000e+00,1.000000000000000000e+00,0.000000000000000000e+00,1.000000000000000000e+01,1.000000000000000000e+00,6.010000000000000000e+02,1.000000000000000000e+00,2.000000000000000000e+00,3.000000000000000000e+00,4.000000000000000000e+00,0.000000000000000000e+00
1.000000000000000000e+00,8.000000000000000000e+00,3.000000000000000000e+00,0.000000000000000000e+00,4.000000000000000000e+00,4.000000000000000000e+00,6.430000000000000000e+02,0.000000000000000000e+00,7.000000000000000000e+00,0.000000000000000000e+00,0.000000000000000000e+00
0.000000000000000000e+00,2.000000000000000000e+00,6.000000000000000000e+00,0.000000000000000000e+00,4.000000000000000000e+00,1.000000000000000000e+00,0.000000000000000000e+00,6.800000000000000000e+02,1.000000000000000000e+00,2.500000000000000000e+01,0.000000000000000000e+00
8.000000000000000000e+00,6.000000000000000000e+00,6.000000000000000000e+00,1.000000000000000000e+00,1.000000000000000000e+00,4.000000000000000000e+00,2.000000000000000000e+00,2.000000000000000000e+00,6.440000000000000000e+02,7.000000000000000000e+00,0.000000000000000000e+00
0.000000000000000000e+00,5.000000000000000000e+00,5.000000000000000000e+00,3.000000000000000000e+00,2.800000000000000000e+01,7.000000000000000000e+00,0.000000000000000000e+00,4.300000000000000000e+01,7.000000000000000000e+00,6.080000000000000000e+02,0.000000000000000000e+00
1.700000000000000000e+02,8.500000000000000000e+02,4.070000000000000000e+02,1.700000000000000000e+01,5.490000000000000000e+02,4.110000000000000000e+02,5.220000000000000000e+02,1.120000000000000000e+02,4.890000000000000000e+02,1.680000000000000000e+02,2.268800000000000000e+04
2.520000000000000000e+02,5.000000000000000000e+00,2.000000000000000000e+00,0.000000000000000000e+00,0.000000000000000000e+00,3.000000000000000000e+00,4.000000000000000000e+00,0.000000000000000000e+00,1.400000000000000000e+01,0.000000000000000000e+00,1.400000000000000000e+01
0.000000000000000000e+00,3.230000000000000000e+02,1.000000000000000000e+00,0.000000000000000000e+00,0.000000000000000000e+00,0.000000000000000000e+00,0.000000000000000000e+00,0.000000000000000000e+00,0.000000000000000000e+00,0.000000000000000000e+00,1.700000000000000000e+01
0.000000000000000000e+00,1.000000000000000000e+00,2.900000000000000000e+02,2.000000000000000000e+00,0.000000000000000000e+00,1.000000000000000000e+00,1.000000000000000000e+00,2.000000000000000000e+00,1.000000000000000000e+00,0.000000000000000000e+00,1.200000000000000000e+01
0.000000000000000000e+00,6.000000000000000000e+00,7.000000000000000000e+00,2.370000000000000000e+02,0.000000000000000000e+00,1.800000000000000000e+01,0.000000000000000000e+00,7.000000000000000000e+00,3.000000000000000000e+00,4.000000000000000000e+00,2.100000000000000000e+01
0.000000000000000000e+00,3.000000000000000000e+00,0.000000000000000000e+00,0.000000000000000000e+00,2.450000000000000000e+02,1.000000000000000000e+00,0.000000000000000000e+00,5.000000000000000000e+00,1.000000000000000000e+00,1.200000000000000000e+01,2.800000000000000000e+01
0.000000000000000000e+00,0.000000000000000000e+00,0.000000000000000000e+00,6.000000000000000000e+00,1.000000000000000000e+00,2.350000000000000000e+02,0.000000000000000000e+00,0.000000000000000000e+00,6.000000000000000000e+00,2.000000000000000000e+00,1.800000000000000000e+01
0.000000000000000000e+00,3.000000000000000000e+00,0.000000000000000000e+00,0.000000000000000000e+00,2.000000000000000000e+00,2.000000000000000000e+00,2.560000000000000000e+02,0.000000000000000000e+00,3.000000000000000000e+00,0.000000000000000000e+00,2.200000000000000000e+01
0.000000000000000000e+00,0.000000000000000000e+00,2.000000000000000000e+00,1.000000000000000000e+00,1.000000000000000000e+00,2.000000000000000000e+00,0.000000000000000000e+00,2.750000000000000000e+02,0.000000000000000000e+00,6.000000000000000000e+00,2.200000000000000000e+01
2.000000000000000000e+00,5.000000000000000000e+00,1.000000000000000000e+00,1.000000000000000000e+00,1.000000000000000000e+00,4.000000000000000000e+00,2.000000000000000000e+00,1.000000000000000000e+00,2.460000000000000000e+02,4.000000000000000000e+00,2.600000000000000000e+01
0.000000000000000000e+00,2.000000000000000000e+00,2.000000000000000000e+00,0.000000000000000000e+00,1.500000000000000000e+01,4.000000000000000000e+00,0.000000000000000000e+00,1.700000000000000000e+01,4.000000000000000000e+00,2.430000000000000000e+02,1.600000000000000000e+01
1.700000000000000000e+02,8.500000000000000000e+02,4.070000000000000000e+02,1.700000000000000000e+01,5.490000000000000000e+02,4.110000000000000000e+02,5.220000000000000000e+02,1.120000000000000000e+02,4.890000000000000000e+02,1.680000000000000000e+02,2.268800000000000000e+04
