5.490000000000000000e+02,5.000000000000000000e+00,1.000000000000000000e+00,0.000000000000000000e+00,0.000000000000000000e+00,8.000000000000000000e+00,6.000000000000000000e+00,0.000000000000000000e+00,3.600000000000000000e+01,0.000000000000000000e+00,8.100000000000000000e+01
0.000000000000000000e+00,6.890000000000000000e+02,1.000000000000000000e+00,0.000000000000000000e+00,0.000000000000000000e+00,0.000000000000000000e+00,0.000000000000000000e+00,1.000000000000000000e+00,0.000000000000000000e+00,0.000000000000000000e+00,1.030000000000000000e+02
0.000000000000000000e+00,2.000000000000000000e+00,5.700000000000000000e+02,5.000000000000000000e+00,0.000000000000000000e+00,2.000000000000000000e+00,0.000000000000000000e+00,5.000000000000000000e+00,1.000000000000000000e+00,1.000000000000000000e+00,1.360000000000000000e+02
0.000000000000000000e+00,2.000000000000000000e+00,1.400000000000000000e+01,5.690000000000000000e+02,0.000000000000000000e+00,1.600000000000000000e+01,0.000000000000000000e+00,2.000000000000000000e+00,4.000000000000000000e+00,5.000000000000000000e+00,9.500000000000000000e+01
0.000000000000000000e+00,2.000000000000000000e+00,1.000000000000000000e+00,0.000000000000000000e+00,5.600000000000000000e+02,1.000000000000000000e+00,1.000000000000000000e+00,3.000000000000000000e+00,0.000000000000000000e+00,1.700000000000000000e+01,1.020000000000000000e+02
1.000000000000000000e+00,1.000000000000000000e+00,0.000000000000000000e+00,7.000000000000000000e+00,0.000000000000000000e+00,4.960000000000000000e+02,0.000000000000000000e+00,2.000000000000000000e+00,3.000000000000000000e+00,4.000000000000000000e+00,1.100000000000000000e+02
0.000000000000000000e+00,1.000000000000000000e+01,1.000000000000000000e+00,0.000000000000000000e+00,3.000000000000000000e+00,2.000000000000000000e+00,5.520000000000000000e+02,0.000000000000000000e+00,7.000000000000000000e+00,0.000000000000000000e+00,9.500000000000000000e+01
0.000000000000000000e+00,2.000000000000000000e+00,4.000000000000000000e+00,0.000000000000000000e+00,3.000000000000000000e+00,1.000000000000000000e+00,0.000000000000000000e+00,5.960000000000000000e+02,1.000000000000000000e+00,2.000000000000000000e+01,9.200000000000000000e+01
7.000000000000000000e+00,5.000000000000000000e+00,2.000000000000000000e+00,1.000000000000000000e+00,0.000000000000000000e+00,1.000000000000000000e+00,1.000000000000000000e+00,1.000000000000000000e+00,5.270000000000000000e+02,7.000000000000000000e+00,1.290000000000000000e+02
0.000000000000000000e+00,6.000000000000000000e+00,5.000000000000000000e+00,3.000000000000000000e+00,2.900000000000000000e+01,6.000000000000000000e+00,0.000000000000000000e+00,3.600000000000000000e+01,9.000000000000000000e+00,5.260000000000000000e+02,8.600000000000000000e+01
1.300000000000000000e+02,4.580000000000000000e+02,1.580000000000000000e+02,2.000000000000000000e+00,2.670000000000000000e+02,1.540000000000000000e+02,2.550000000000000000e+02,5.500000000000000000e+01,2.360000000000000000e+02,6.700000000000000000e+01,2.460100000000000000e+04
2.370000000000000000e+02,7.000000000000000000e+00,1.000000000000000000e+00,0.000000000000000000e+00,0.000000000000000000e+00,1.000000000000000000e+00,4.000000000000000000e+00,0.000000000000000000e+00,1.100000000000000000e+01,0.000000000000000000e+00,3.300000000000000000e+01
0.000000000000000000e+00,2.980000000000000000e+02,1.000000000000000000e+00,0.000000000000000000e+00,0.000000000000000000e+00,0.000000000000000000e+00,0.000000000000000000e+00,0.000000000000000000e+00,0.000000000000000000e+00,0.000000000000000000e+00,4.200000000000000000e+01
0.000000000000000000e+00,0.000000000000000000e+00,2.570000000000000000e+02,1.000000000000000000e+00,0.000000000000000000e+00,0.000000000000000000e+00,0.000000000000000000e+00,1.000000000000000000e+00,0.000000000000000000e+00,0.000000000000000000e+00,5.100000000000000000e+01
0.000000000000000000e+00,4.000000000000000000e+00,3.000000000000000000e+00,2.190000000000000000e+02,0.000000000000000000e+00,1.600000000000000000e+01,0.000000000000000000e+00,5.000000000000000000e+00,1.000000000000000000e+00,1.000000000000000000e+00,5.400000000000000000e+01
0.000000000000000000e+00,1.000000000000000000e+00,0.000000000000000000e+00,0.000000000000000000e+00,2.170000000000000000e+02,1.000000000000000000e+00,0.000000000000000000e+00,3.000000000000000000e+00,1.000000000000000000e+00,7.000000000000000000e+00,6.500000000000000000e+01
0.000000000000000000e+00,0.000000000000000000e+00,0.000000000000000000e+00,5.000000000000000000e+00,1.000000000000000000e+00,2.110000000000000000e+02,0.000000000000000000e+00,0.000000000000000000e+00,3.000000000000000000e+00,1.000000000000000000e+00,4.700000000000000000e+01
0.000000000000000000e+00,3.000000000000000000e+00,0.000000000000000000e+00,0.000000000000000000e+00,1.000000000000000000e+00,3.000000000000000000e+00,2.410000000000000000e+02,0.000000000000000000e+00,2.000000000000000000e+00,0.000000000000000000e+00,3.800000000000000000e+01
0.000000000000000000e+00,0.000000000000000000e+00,1.000000000000000000e+00,1.000000000000000000e+00,1.000000000000000000e+00,0.000000000000000000e+00,0.000000000000000000e+00,2.610000000000000000e+02,0.000000000000000000e+00,5.000000000000000000e+00,4.000000000000000000e+01
2.000000000000000000e+00,2.000000000000000000e+00,1.000000000000000000e+00,0.000000000000000000e+00,1.000000000000000000e+00,5.000000000000000000e+00,1.000000000000000000e+00,0.000000000000000000e+00,2.260000000000000000e+02,3.000000000000000000e+00,5.200000000000000000e+01
0.000000000000000000e+00,1.000000000000000000e+00,1.000000000000000000e+00,0.000000000000000000e+00,1.700000000000000000e+01,2.000000000000000000e+00,0.000000000000000000e+00,1.400000000000000000e+01,4.000000000000000000e+00,2.350000000000000000e+02,2.900000000000000000e+01
1.300000000000000000e+02,4.580000000000000000e+02,1.580000000000000000e+02,2.000000000000000000e+00,2.670000000000000000e+02,1.540000000000000000e+02,2.550000000000000000e+02,5.500000000000000000e+01,2.360000000000000000e+02,6.700000000000000000e+01,2.460100000000000000e+04
