6.100000000000000000e+02,7.000000000000000000e+00,3.000000000000000000e+00,0.000000000000000000e+00,0.000000000000000000e+00,9.000000000000000000e+00,9.000000000000000000e+00,0.000000000000000000e+00,4.800000000000000000e+01,0.000000000000000000e+00,0.000000000000000000e+00
0.000000000000000000e+00,7.910000000000000000e+02,1.000000000000000000e+00,0.000000000000000000e+00,0.000000000000000000e+00,0.000000000000000000e+00,0.000000000000000000e+00,2.000000000000000000e+00,0.000000000000000000e+00,0.000000000000000000e+00,0.000000000000000000e+00
0.000000000000000000e+00,2.000000000000000000e+00,6.990000000000000000e+02,6.000000000000000000e+00,0.000000000000000000e+00,4.000000000000000000e+00,0.000000000000000000e+00,8.000000000000000000e+00,2.000000000000000000e+00,1.000000000000000000e+00,0.000000000000000000e+00
0.000000000000000000e+00,8.000000000000000000e+00,1.800000000000000000e+01,6.440000000000000000e+02,0.000000000000000000e+00,1.900000000000000000e+01,0.000000000000000000e+00,5.000000000000000000e+00,4.000000000000000000e+00,9.000000000000000000e+00,0.000000000000000000e+00
0.000000000000000000e+00,1.000000000000000000e+00,1.000000000000000000e+00,0.000000000000000000e+00,6.500000000000000000e+02,2.000000000000000000e+00,1.000000000000000000e+00,5.000000000000000000e+00,0.000000000000000000e+00,2.700000000000000000e+01,0.000000000000000000e+00
1.000000000000000000e+00,1.000000000000000000e+00,0.000000000000000000e+00,1.000000000000000000e+01,1.000000000000000000e+00,6.000000000000000000e+02,0.000000000000000000e+00,2.000000000000000000e+00,4.000000000000000000e+00,5.000000000000000000e+00,0.000000000000000000e+00
1.000000000000000000e+00,8.000000000000000000e+00,3.000000000000000000e+00,0.000000000000000000e+00,4.000000000000000000e+00,4.000000000000000000e+00,6.430000000000000000e+02,0.000000000000000000e+00,7.000000000000000000e+00,0.000000000000000000e+00,0.000000000000000000e+00
0.000000000000000000e+00,2.000000000000000000e+00,6.000000000000000000e+00,0.000000000000000000e+00,4.000000000000000000e+00,1.000000000000000000e+00,0.000000000000000000e+00,6.800000000000000000e+02,1.000000000000000000e+00,2.500000000000000000e+01,0.000000000000000000e+00
8.000000000000000000e+00,5.000000000000000000e+00,6.000000000000000000e+00,1.000000000000000000e+00,0.000000000000000000e+00,4.000000000000000000e+00,2.000000000000000000e+00,2.000000000000000000e+00,6.460000000000000000e+02,7.000000000000000000e+00,0.000000000000000000e+00
0.000000000000000000e+00,5.000000000000000000e+00,5.000000000000000000e+00,3.000000000000000000e+00,2.900000000000000000e+01,7.000000000000000000e+00,0.000000000000000000e+00,4.100000000000000000e+01,7.000000000000000000e+00,6.090000000000000000e+02,0.000000000000000000e+00
1.660000000000000000e+02,8.380000000000000000e+02,3.880000000000000000e+02,1.700000000000000000e+01,5.350000000000000000e+02,3.900000000000000000e+02,5.120000000000000000e+02,1.130000000000000000e+02,4.790000000000000000e+02,1.620000000000000000e+02,2.278300000000000000e+04
2.520000000000000000e+02,5.000000000000000000e+00,2.000000000000000000e+00,0.000000000000000000e+00,0.000000000000000000e+00,4.000000000000000000e+00,4.000000000000000000e+00,0.000000000000000000e+00,1.300000000000000000e+01,0.000000000000000000e+00,1.400000000000000000e+01
0.000000000000000000e+00,3.220000000000000000e+02,1.000000000000000000e+00,0.000000000000000000e+00,0.000000000000000000e+00,0.000000000000000000e+00,0.000000000000000000e+00,0.000000000000000000e+00,0.000000000000000000e+00,0.000000000000000000e+00,1.800000000000000000e+01
0.000000000000000000e+00,1.000000000000000000e+00,2.900000000000000000e+02,2.000000000000000000e+00,0.000000000000000000e+00,1.000000000000000000e+00,1.000000000000000000e+00,1.000000000000000000e+00,1.000000000000000000e+00,0.000000000000000000e+00,1.300000000000000000e+01
0.000000000000000000e+00,6.000000000000000000e+00,7.000000000000000000e+00,2.370000000000000000e+02,0.000000000000000000e+00,1.800000000000000000e+01,0.000000000000000000e+00,7.000000000000000000e+00,3.000000000000000000e+00,4.000000000000000000e+00,2.100000000000000000e+01
0.000000000000000000e+00,3.000000000000000000e+00,0.000000000000000000e+00,0.000000000000000000e+00,2.460000000000000000e+02,1.000000000000000000e+00,0.000000000000000000e+00,4.000000000000000000e+00,1.000000000000000000e+00,1.200000000000000000e+01,2.800000000000000000e+01
0.000000000000000000e+00,0.000000000000000000e+00,0.000000000000000000e+00,6.000000000000000000e+00,1.000000000000000000e+00,2.370000000000000000e+02,0.000000000000000000e+00,0.000000000000000000e+00,5.000000000000000000e+00,1.000000000000000000e+00,1.800000000000000000e+01
0.000000000000000000e+00,2.000000000000000000e+00,0.000000000000000000e+00,0.000000000000000000e+00,2.000000000000000000e+00,2.000000000000000000e+00,2.590000000000000000e+02,0.000000000000000000e+00,2.000000000000000000e+00,0.000000000000000000e+00,2.100000000000000000e+01
0.000000000000000000e+00,0.000000000000000000e+00,2.000000000000000000e+00,1.000000000000000000e+00,1.000000000000000000e+00,2.000000000000000000e+00,0.000000000000000000e+00,2.760000000000000000e+02,0.000000000000000000e+00,6.000000000000000000e+00,2.100000000000000000e+01
2.000000000000000000e+00,5.000000000000000000e+00,1.000000000000000000e+00,1.000000000000000000e+00,1.000000000000000000e+00,4.000000000000000000e+00,2.000000000000000000e+00,1.000000000000000000e+00,2.460000000000000000e+02,4.000000000000000000e+00,2.600000000000000000e+01
0.000000000000000000e+00,1.000000000000000000e+00,2.000000000000000000e+00,0.000000000000000000e+00,1.500000000000000000e+01,4.000000000000000000e+00,0.000000000000000000e+00,1.700000000000000000e+01,4.000000000000000000e+00,2.420000000000000000e+02,1.800000000000000000e+01
1.660000000000000000e+02,8.380000000000000000e+02,3.880000000000000000e+02,1.700000000000000000e+01,5.350000000000000000e+02,3.900000000000000000e+02,5.120000000000000000e+02,1.130000000000000000e+02,4.790000000000000000e+02,1.620000000000000000e+02,2.278300000000000000e+04
